2
95
446
650
734
734
448
810
922
515
942
227
897
897
716
921
921
745
871
978
690
553
553
566
835
835
869
869
850
712
796
928
411
703
708
962
962
962
612
960
960
523
694
625
894
867
865
865
967
967
967
735
644
908
908
908
927
927
368
923
923
853
814
304
887
677
623
972
972
972
269
370
443
453
603
636
822
846
976
976
976
976
976
279
763
500
940
940
940
940
940
918
918
899
478
706
862
804
221
964
964
964
837
444
973
973
973
973
710
710
832
230
844
374
782
782
733
733
733
589
898
898
898
898
778
870
571
391
969
758
456
617
476
861
695
786
936
936
535
663
884
806
675
914
948
752
878
750
874
840
682
979
979
979
912
912
912
912
912
912
912
912
730
937
937
789
618
344
380
702
702
929
911
984
741
932
902
902
445
820
696
961
961
959
959
836
879
933
933
933
667
943
460
580
881
893
893
958
653
744
158
441
889
247
931
931
938
886
714
647
987
987
987
987
987
987
987
987
866
866
495
885
484
757
302
439
555
980
980
980
424
801
812
812
272
790
384
525
638
638
930
459
872
788
204
968
968
968
541
360
880
740
619
499
413
766
934
934
536
764
538
538
957
614
765
913
540
563
970
970
565
379
808
245
935
935
859
924
924
924
512
974
773
799
514
152
397
676
648
652
785
578
723
956
956
956
956
956
698
915
915
345
845
910
910
787
717
398
759
892
875
560
632
855
855
681
234
811
756
508
322
925
896
896
990
990
990
990
990
990
990
990
990
990
990
954
905
905
905
457
955
909
992
992
992
992
992
992
992
992
992
981
981
981
442
691
691
985
985
985
985
985
985
951
821
926
926
926
559
354
670
882
882
307
873
447
890
271
817
467
711
633
800
253
346
947
830
830
425
841
218
851
503
751
280
576
988
988
988
988
988
842
803
688
665
982
982
982
982
982
794
805
953
965
965
965
965
907
732
989
989
989
989
989
989
989
989
989
761
813
431
270
727
718
440
466
669
722
760
941
668
919
952
952
606
833
833
242
991
991
991
991
991
991
991
991
991
777
458
715
715
975
631
780
190
986
986
686
373
736
651
977
977
977
977
807
807
771
944
309
858
983
126
704
316
501
748
624
479
616
916
916
849
658
588
901
901
971
939
939
939
966
966
966
966
966
917
917
506
421
950
950
685
946
946
946
946
946
161
165
891
762
159
75 747
446 916
515 768
114 734
431 810
897 922
386 912
942 992
897 964
716 831
379 921
521 745
607 951
978 991
719 983
549 566
568 835
328 702
850 943
273 975
172 928
622 930
708 977
962 976
526 987
930 960
709 987
279 694
894 944
371 393
701 865
966 967
735 909
840 908
685 908
927 950
923 976
112 923
488 834
304 956
524 677
290 877
738 972
551 569
617 795
963 977
432 747
846 910
943 976
976 992
763 888
931 940
495 940
496 931
679 971
538 899
826 883
804 990
298 424
893 964
667 837
733 973
841 973
253 710
503 832
276 289
823 977
733 989
281 956
845 898
475 579
391 874
758 781
743 936
377 864
653 695
872 936
535 975
884 907
806 866
875 914
506 752
750 952
840 956
366 979
912 949
749 912
130 937
422 858
655 873
929 987
859 911
234 574
902 991
684 968
926 961
585 892
593 654
879 981
417 933
943 970
615 881
498 980
744 949
441 989
717 793
559 938
402 875
728 826
849 987
891 987
713 866
671 885
757 811
572 775
965 980
129 424
686 812
319 966
638 803
872 991
637 968
541 947
692 704
499 970
766 971
470 925
956 957
765 965
718 864
683 783
876 990
342 859
769 858
490 799
590 824
726 892
447 791
698 826
845 892
787 941
892 955
218 632
234 278
509 590
594 727
990 992
817 990
491 990
813 905
966 992
235 992
991 992
873 981
985 988
882 951
354 947
447 704
465 711
686 830
751 813
732 988
665 991
953 991
704 989
270 458
941 991
736 991
517 946
169 983
421 946
95 181 807
768 959 977
746 810 991
663 922 951
688 926 942
893 897 983
575 906 979
613 800 837
607 900 990
359 596 690
451 694 973
427 835 974
857 869 992
731 879 911
194 928 989
125 370 812
895 962 986
849 905 960
620 744 790
778 894 944
565 600 902
641 967 986
557 763 816
736 789 908
368 946 968
169 598 896
430 684 984
887 919 979
780 940 972
269 681 771
453 817 961
636 896 979
806 829 881
160 279 919
480 940 980
903 918 936
842 899 935
845 862 937
298 936 980
563 599 802
934 973 989
327 681 817
449 676 782
323 543 746
475 688 939
968 969 987
656 932 958
695 748 836
535 985 988
713 806 812
779 878 939
151 638 803
831 979 986
730 803 880
753 790 863
414 441 911
624 707 741
820 915 924
857 959 977
933 975 989
580 821 986
793 864 958
699 889 945
713 777 886
803 987 988
532 671 885
601 685 910
222 489 946
930 951 965
287 410 965
739 924 945
479 614 992
373 465 808
873 974 991
186 771 991
784 787 805
831 977 982
954 977 990
720 890 992
559 803 873
732 917 988
296 739 977
573 794 860 962
139 850 887 984
515 913 981 989
875 921 942 988
591 716 969 977
613 696 713 881
343 877 957 978
444 553 907 963
636 819 884 959
850 972 974 989
120 913 928 977
708 932 967 974
612 806 864 971
523 740 972 973
337 739 841 980
714 806 865 939
735 913 961 983
443 761 908 988
272 868 923 980
597 874 918 930
439 643 677 937
925 947 972 988
456 543 963 981
803 822 930 976
621 924 949 976
653 940 970 986
772 855 899 991
156 231 540 652
444 563 786 878
327 548 965 988
589 711 800 859
166 422 870 987
438 656 959 983
760 766 936 992
596 873 914 982
508 840 901 932
299 730 875 990
705 858 905 929
345 866 902 956
641 654 689 992
555 601 893 910
590 693 724 931
495 532 556 772
790 811 833 947
619 736 739 907
817 841 876 990
558 685 971 992
645 926 939 985
90 105 543 752 836
139 688 701 791 898
386 439 803 835 912
562 685 893 897 982
581 634 921 990 992
167 229 607 926 933
460 553 858 933 990
359 875 914 983 988
414 731 937 956 988
258 409 639 703 883
266 788 878 960 991
222 505 529 568 945
600 892 939 990 991
735 886 937 961 990
333 549 570 750 976
452 646 675 814 857
186 632 842 877 991
297 443 782 961 964
822 959 975 983 990
387 710 849 886 907
638 696 803 808 899
619 665 914 938 964
604 710 863 949 952
206 371 773 788 898
656 754 784 828 841
713 806 817 950 986
682 764 843 974 989
397 471 602 929 991
614 776 959 990 992
604 889 941 949 980
790 858 882 930 947
605 726 828 920 991
94 610 682 975 981 989
440 700 745 810 811 987
375 709 779 927 942 971
831 906 909 983 989 990
908 945 964 975 978 990
190 312 542 814 941 992
556 570 612 773 790 850
411 547 554 671 885 930
272 559 867 925 960 980
682 788 894 915 941 992
382 479 738 794 849 967
404 496 714 770 923 972
725 809 900 909 957 969
691 746 767 859 902 961
402 581 725 904 983 986
299 429 501 657 808 837
583 599 714 774 941 971
746 756 875 929 988 990
182 371 786 788 878 926
595 633 977 979 982 992
242 282 307 585 931 985
226 503 659 907 945 980
61 238 623 816 893 959 992
412 662 729 810 828 902 989
359 665 782 875 921 942 981
153 359 388 629 875 921 982
822 907 978 980 985 988 989
564 642 826 836 909 955 985
306 592 625 686 854 928 992
523 739 849 907 916 918 960
247 393 435 467 530 623 852
572 736 826 834 927 982 991
350 672 739 809 890 964 969
127 695 724 741 963 983 990
480 506 551 702 905 930 940
841 863 876 973 975 985 988
535 614 702 743 896 946 986
405 590 602 753 757 941 944
413 530 748 765 852 934 952
768 803 822 930 938 945 976 985
445 535 793 853 942 962 985 988
273 485 598 615 624 729 786 921
300 422 530 690 746 961 963 981
491 578 849 850 882 938 947 972
575 764 789 861 872 877 944 962
337 438 705 782 856 954 969 992
422 479 652 758 927 932 971 991
456 655 877 900 936 961 989 991
258 723 769 772 787 829 950 958
546 896 926 955 973 979 983 992
251 792 914 925 980 982 984 988
89 143 485 563 759 772 773 853 942
684 745 810 852 887 889 964 982 987
428 458 463 767 893 897 909 949 983
230 496 590 620 780 806 939 947 978
552 642 872 873 874 941 955 982 991
375 394 738 836 851 858 929 947 962
222 510 522 588 867 947 949 952 984
136 313 400 572 692 821 873 902 935
283 593 636 805 838 943 959 977 980
248 619 663 710 805 889 892 945 992
301 739 900 951 954 959 977 983 992
162 351 381 438 448 765 791 844 899 991
254 467 518 767 897 946 964 966 985 992
614 678 756 766 863 928 938 957 967 978
431 440 498 588 813 850 889 979 983 984
166 390 567 762 790 816 924 949 960 980
544 648 685 795 857 908 919 954 986 992
504 530 581 764 847 886 961 963 971 990
342 458 589 800 859 910 911 915 946 956
255 316 446 604 765 867 892 907 922 931 949
208 395 489 662 773 870 942 944 953 976 989
490 761 853 871 900 913 914 928 937 982 991
299 629 639 657 696 728 808 826 869 875 899
186 620 698 720 751 771 807 926 931 974 991
313 471 657 676 724 728 826 854 915 937 963
342 683 687 783 793 799 800 879 881 899 991
169 178 334 541 631 697 781 860 878 890 918 947
291 614 743 755 776 818 896 926 942 959 979 983
571 694 703 890 928 949 955 976 978 979 986 992
787 796 805 812 817 853 863 866 892 944 950 972
345 440 569 577 677 687 692 840 865 879 901 945
636 706 755 786 792 816 959 979 984 986 988 992
98 240 267 434 479 504 545 760 818 825 936 975 988
471 519 657 728 826 854 870 895 915 934 935 937 963
241 329 479 697 719 721 742 769 794 888 951 971 980
472 518 605 634 722 726 828 844 924 951 985 989 992
410 597 616 634 669 766 783 888 935 948 953 954 992
74 313 340 488 501 526 657 667 728 820 834 846 869 899
155 239 340 519 536 689 718 723 783 811 872 942 950 971
273 287 329 407 509 611 841 845 858 877 905 924 930 951
413 475 486 554 620 640 684 732 830 879 892 923 945 952
362 380 476 587 592 596 678 751 813 918 929 974 979 981
283 450 539 719 781 868 873 874 890 893 897 922 946 958 991
406 543 598 647 744 790 796 835 836 870 891 931 932 937 978
431 588 780 833 843 867 876 882 916 925 929 934 949 960 980
281 465 589 673 696 711 800 801 808 859 911 937 956 982 988
137 263 478 513 594 599 688 698 747 755 773 835 857 942 958 970
363 430 537 562 753 773 786 796 816 819 850 889 911 940 970 992
387 486 668 681 710 725 797 817 844 849 853 972 973 983 989 990
245 308 493 545 609 623 743 776 804 876 894 922 928 954 983 988 992
273 404 496 590 833 849 892 914 917 925 930 932 947 949 972 978 980
221 306 453 574 605 621 672 746 779 814 825 861 900 926 967 974 989
413 420 706 769 824 868 871 884 909 922 952 959 963 975 983 985 989 992
284 286 304 357 508 560 692 760 820 838 908 932 933 954 961 962 983 992
188 251 749 760 870 889 914 916 934 941 948 957 970 974 976 984 988 989
202 287 318 335 343 363 381 474 542 659 683 707 757 853 855 896 942 943 975
119 264 266 362 440 479 485 493 502 547 562 603 660 699 715 758 928 988 992
434 435 516 534 707 721 762 768 852 853 892 907 914 917 922 925 930 978 980 983
145 262 312 422 437 541 542 584 654 659 664 783 785 787 789 802 857 864 880 935
167 257 445 492 494 549 563 584 646 664 665 683 785 860 883 932 955 964 988 991 992
248 382 498 534 720 730 762 844 863 889 930 963 966 969 975 978 982 983 984 987 992
318 331 484 502 517 542 561 591 610 616 641 650 675 685 718 777 814 816 948 950 952 970
143 359 392 471 490 505 540 574 724 731 793 820 826 854 869 875 899 901 933 937 956 964
100 359 535 571 625 633 662 713 716 727 756 779 793 817 830 839 896 909 946 968 973 985 988
263 266 381 524 601 674 692 766 830 846 861 890 908 926 927 931 941 958 967 969 971 984 987
268 429 463 700 745 805 807 816 819 848 888 889 895 940 952 955 969 978 980 983 984 987 988 992
139 181 330 430 475 480 521 533 563 679 684 688 697 705 745 762 780 811 813 905 911 958 970 982 987
387 413 491 506 541 556 684 695 741 748 824 849 884 918 925 930 940 952 965 968 973 980 982 988 990
279 284 385 584 642 704 719 778 784 796 815 822 831 847 853 868 887 923 943 944 959 974 977 979 984 990
366 481 623 630 754 760 792 795 796 815 816 822 842 844 868 875 880 900 906 911 954 968 969 979 982 984 986
115 178 227 318 532 539 578 581 583 604 606 659 713 757 784 802 806 821 839 872 927 943 945 948 951 953 981 992
242 301 585 598 667 725 734 748 784 794 803 805 824 850 886 889 913 916 918 925 930 934 951 960 965 968 980 982 992
301 393 480 509 578 598 723 734 737 794 795 803 833 849 858 867 880 882 892 916 925 929 930 949 951 960 962 965 972 980
378 389 444 448 488 511 549 558 574 610 625 629 656 671 678 681 687 692 761 806 816 851 862 869 879 881 899 913 933 971 974
219 322 358 417 440 515 531 613 617 649 704 709 829 837 840 857 866 872 875 893 908 913 927 929 935 937 943 945 954 963 981 988
455 503 518 628 660 663 719 725 817 823 838 841 843 856 867 880 884 887 889 897 903 904 907 913 945 947 951 954 969 977 978 986 992
167 322 402 434 481 513 549 603 619 630 646 656 699 700 754 789 795 796 821 823 838 868 888 891 914 919 941 943 955 959 969 979 983 986
118 258 319 339 358 401 416 462 493 526 528 563 583 597 604 605 627 659 679 683 709 720 722 729 757 783 798 839 895 906 927 944 948 953 971 992
80 284 316 353 359 427 476 515 529 548 603 609 635 656 681 719 721 740 750 799 817 828 856 875 897 917 933 938 952 961 963 964 973 979 983 986 991 992
347 410 433 476 533 582 590 604 606 607 615 634 636 816 817 827 848 868 876 877 878 880 886 894 895 909 913 928 938 954 955 957 971 975 979 984 988 989 991
146 221 333 378 389 444 470 511 552 566 574 575 625 629 643 665 671 683 687 692 703 708 753 761 764 774 821 829 851 853 862 869 879 883 885 899 911 933 961 971 974
78 308 385 390 450 452 455 484 522 527 537 602 610 636 642 669 679 719 720 742 755 792 796 805 815 816 819 868 872 876 887 891 906 935 938 948 949 951 959 977 979 984 985 988
120 147 229 283 364 394 398 407 409 419 485 565 574 575 600 635 715 739 741 763 798 806 813 819 822 824 836 851 858 863 864 866 891 902 921 938 941 945 947 951 962 975 976 979 985 987
165 262 289 351 373 431 469 502 506 509 518 532 550 571 573 590 602 635 654 671 693 706 714 738 747 756 769 772 775 816 843 845 858 885 888 899 903 906 929 936 951 952 957 962 966 967 970 976 991
317 392 461 470 471 475 519 554 574 577 592 612 613 617 620 645 651 669 675 692 704 709 720 724 753 757 761 774 783 785 789 792 807 814 815 824 857 860 864 875 878 891 927 933 935 936 941 945 963 968 975 981 987
169 201 251 267 283 300 329 372 401 455 476 489 494 501 513 518 565 602 606 610 627 659 667 679 722 727 757 763 766 781 785 793 819 831 839 842 852 860 864 888 894 895 897 906 932 935 943 948 953 958 971 974 978 979 983 984 992
189 193 219 270 275 276 304 305 342 453 489 497 504 513 539 604 605 608 642 646 670 674 703 722 729 731 749 758 760 763 767 799 802 814 818 823 827 843 853 859 871 874 881 889 890 899 902 907 908 915 928 943 955 957 958 961 966 970 975 991 992
276 291 305 353 362 366 383 388 412 414 463 497 513 535 571 587 603 605 614 650 669 674 695 700 702 703 709 720 731 738 751 755 758 774 784 789 797 821 822 835 842 858 859 876 879 886 891 895 903 915 921 930 936 941 946 949 950 955 958 962 967 969 970 978 982 984 986
103 168 202 247 296 319 367 396 409 420 493 494 520 522 527 545 568 581 584 591 598 604 606 623 642 649 672 682 707 716 719 725 751 754 759 768 769 772 784 804 809 815 819 838 841 860 868 872 874 880 887 888 892 893 906 919 928 931 941 943 945 951 953 954 959 963 964 969 970 977 983 984 988 992
131 160 174 179 241 242 244 258 259 324 335 344 350 409 419 451 486 495 515 529 548 568 579 586 606 610 611 615 633 648 661 666 695 699 716 727 732 737 750 765 773 777 779 780 794 797 823 848 856 860 870 874 886 888 894 913 915 917 918 921 925 930 934 938 939 940 942 945 952 953 960 969 970 974 975 977 978 979 981 984 988 991 992
137 206 258 303 341 373 381 399 420 436 437 439 445 461 468 469 505 511 515 526 529 533 534 552 556 558 571 573 586 590 592 598 602 615 620 649 659 660 661 668 674 686 690 691 698 726 734 751 765 766 774 777 784 785 791 795 797 802 807 812 822 827 828 831 853 861 869 870 874 877 891 899 900 904 913 914 918 924 928 929 935 937 943 944 952 954 958 961 974 976 981 987 988 991 992
123 141 146 224 258 264 269 281 283 293 299 312 343 357 375 381 392 394 406 414 417 430 443 445 452 460 479 500 510 513 528 531 533 540 541 542 549 565 569 571 574 577 594 599 602 603 626 630 644 649 654 659 671 673 676 683 689 695 699 707 709 727 735 738 747 753 758 759 761 772 775 783 785 792 798 802 818 821 824 825 826 839 840 847 865 875 879 883 885 886 896 902 911 914 921 923 929 932 934 935 941 942 945 950 958 961 963 969 974 978 981 987 988
46 104 181 194 202 203 227 244 256 264 284 308 312 315 334 355 358 361 365 368 377 399 410 418 430 434 436 450 460 472 475 478 484 502 506 512 526 527 528 532 533 539 542 547 550 563 567 568 569 574 577 583 587 590 592 602 606 611 615 617 624 627 631 635 640 644 649 657 669 675 686 692 699 700 701 706 708 709 714 720 723 726 738 743 751 752 756 757 769 778 779 781 785 788 796 798 812 813 814 818 819 821 823 825 835 836 839 843 848 851 853 854 856 857 860 864 870 872 874 878 881 883 888 890 891 892 894 900 906 914 919 921 927 929 930 935 941 948 950 952 953 954 958 960 962 967 970 974 978 979 981 982 984 985 991 992
