360
1035
1145
1237
1303
1324
1345
1364
1380
1395
1399
1406
1418
1432
1442
1448
1461
1470
1479
1480
1485
1493
1503
1507
1514
1520
1522
1526
1530
1534
1539
1542
1544
1545
1546
1551
1555
1557
1558
1558
1560
1563
1564
1565
1570
1572
1574
1575
1577
1578
1580
1584
1586
1588
1588
1590
1591
1593
1596
1597
1601
1602
1602
1603
1603
1604
1607
1607
1609
1610
1611
1612
1612
1614
1614
1615
1616
1618
1620
1620
1620
1620
1621
1621
1623
1625
1625
1626
1627
1627
1627
1628
1630
1631
1632
1632
1633
1634
1634
1635
1636
1636
1637
1638
1638
1639
1640
1640
1641
1642
1642
1642
1643
1644
1644
1645
1645
1646
1646
1646
1647
1647
1647
1648
1648
1649
1649
1649
1650
1651
1651
1651
1651
1651
1651
1652
1652
1652
1652
1652
1652
1653
1654
1654
1654
1654
1654
1654
1654
1655
1655
1655
1655
1655
1656
1656
871 1611
1019 1632
1117 1652
1184 1608
1236 1417
1282 1657
1312 1573
1327 1656
1344 1648
1360 1545
1372 1563
1384 1657
1396 1644
1403 1651
1406 1657
1418 1657
1429 1653
1439 1656
1443 1583
1448 1655
1458 1609
1467 1571
1473 1654
1477 1657
1480 1655
1483 1510
1491 1579
1493 1612
1501 1657
1505 1657
1507 1657
1513 1615
1517 1656
1520 1630
1521 1640
1524 1657
1527 1643
1532 1548
1533 1657
1537 1654
1539 1657
1542 1657
1543 1657
1544 1657
1545 1657
1548 1640
1553 1636
1555 1565
1556 1655
1557 1657
1558 1655
1559 1657
1561 1634
1563 1657
1564 1657
1565 1657
1567 1651
1570 1651
1573 1588
1574 1657
1575 1655
1577 1579
1579 1641
1580 1643
1584 1655
1585 1657
1586 1657
1588 1590
1590 1633
1592 1596
1593 1657
1595 1657
1597 1623
1598 1650
1600 1657
1602 1611
1602 1657
1603 1656
1604 1612
1604 1657
1605 1644
1607 1649
1607 1657
1610 1614
1610 1657
1611 1656
1612 1652
1614 1630
1614 1657
1614 1657
1615 1656
1615 1657
1618 1634
1619 1657
1620 1651
1620 1657
1621 1645
1621 1657
1622 1657
1625 1640
1625 1657
1626 1655
1626 1657
1627 1657
1627 1657
1628 1637
1628 1657
1629 1657
1630 1657
1631 1655
1632 1633
1632 1657
1633 1654
1633 1657
1634 1643
1634 1657
1635 1656
1636 1652
1637 1648
1638 1651
1638 1657
1639 1649
1640 1651
1641 1656
1642 1647
1642 1657
1642 1657
1644 1646
1644 1657
1645 1656
1645 1657
1645 1657
1646 1651
1646 1654
1647 1651
1647 1657
1648 1654
1649 1654
1650 1651
1651 1653
1651 1657
1652 1657
1652 1657
1653 1655
1654 1657
1654 1657
721 1642 1654
953 1121 1518
1059 1550 1637
1130 1647 1657
1179 1606 1657
1215 1403 1657
1255 1361 1384
1290 1519 1645
1312 1368 1657
1324 1655 1657
1342 1506 1565
1352 1577 1590
1364 1621 1648
1375 1571 1640
1386 1596 1656
1395 1634 1648
1403 1612 1657
1408 1655 1656
1418 1615 1655
1424 1525 1656
1432 1568 1648
1440 1652 1653
1443 1656 1657
1449 1618 1626
1458 1612 1657
1465 1569 1577
1468 1616 1656
1474 1525 1654
1478 1487 1601
1480 1652 1655
1484 1644 1657
1489 1638 1657
1493 1612 1650
1500 1640 1646
1504 1600 1655
1507 1626 1645
1510 1639 1647
1515 1640 1653
1518 1629 1639
1520 1621 1636
1521 1655 1657
1525 1557 1657
1527 1619 1640
1531 1593 1657
1533 1640 1657
1537 1636 1652
1540 1578 1616
1542 1649 1657
1543 1654 1657
1545 1603 1657
1546 1656 1657
1551 1565 1657
1554 1621 1646
1556 1640 1651
1558 1572 1657
1559 1640 1657
1560 1655 1657
1563 1609 1657
1564 1647 1657
1565 1651 1657
1568 1624 1637
1571 1638 1655
1573 1641 1656
1575 1613 1633
1576 1655 1657
1579 1588 1643
1582 1646 1653
1584 1631 1655
1585 1651 1657
1587 1626 1653
1589 1590 1650
1591 1633 1657
1593 1637 1651
1595 1642 1649
1597 1623 1624
1598 1641 1656
1600 1655 1657
1602 1620 1657
1603 1623 1657
1604 1636 1637
1606 1621 1640
1606 1644 1648
1607 1646 1657
1609 1634 1638
1610 1655 1657
1611 1655 1657
1613 1642 1647
1614 1649 1654
1615 1636 1649
1616 1635 1652
1618 1645 1657
1620 1633 1655
1621 1631 1657
1622 1632 1657
1622 1656 1657
1625 1646 1651
1626 1653 1657
1627 1646 1657
1628 1645 1655
1629 1656 1657
1630 1653 1654
1631 1655 1657
1632 1641 1656
1633 1639 1655
1634 1639 1656
1635 1639 1657
1635 1651 1657
1636 1652 1655
1638 1643 1655
1639 1647 1651
1641 1643 1656
1642 1649 1657
1643 1654 1657
1645 1651 1657
1645 1656 1657
1646 1652 1654
1647 1651 1657
1649 1654 1657
1652 1653 1657
801 1282 1638 1646
954 1129 1627 1642
1051 1148 1635 1657
1112 1578 1604 1657
1158 1596 1622 1656
1191 1369 1563 1590
1226 1445 1649 1651
1263 1559 1646 1657
1288 1493 1651 1652
1309 1410 1574 1657
1321 1642 1650 1654
1337 1439 1563 1609
1350 1560 1587 1641
1360 1570 1640 1654
1368 1558 1653 1654
1380 1554 1597 1657
1388 1642 1652 1657
1397 1564 1655 1657
1404 1651 1655 1657
1414 1433 1635 1656
1418 1593 1607 1657
1424 1598 1641 1656
1432 1475 1570 1657
1440 1464 1620 1657
1445 1520 1561 1657
1449 1645 1653 1656
1458 1612 1620 1657
1465 1487 1577 1657
1468 1509 1557 1657
1473 1614 1636 1657
1478 1487 1518 1637
1481 1612 1644 1654
1485 1533 1627 1655
1489 1646 1654 1657
1494 1592 1638 1655
1500 1640 1648 1654
1505 1521 1630 1657
1507 1626 1655 1657
1512 1638 1655 1657
1517 1558 1655 1657
1518 1649 1654 1657
1521 1607 1650 1653
1524 1587 1636 1653
1527 1601 1643 1657
1529 1615 1654 1657
1533 1545 1620 1625
1535 1626 1655 1656
1539 1625 1626 1655
1542 1601 1653 1657
1544 1631 1653 1657
1546 1629 1656 1657
1551 1557 1577 1657
1554 1626 1652 1657
1557 1579 1645 1656
1560 1575 1603 1657
1561 1593 1633 1651
1563 1618 1655 1657
1565 1614 1646 1657
1568 1585 1648 1654
1571 1619 1656 1657
1573 1650 1651 1655
1575 1651 1655 1657
1578 1622 1655 1657
1582 1585 1623 1624
1584 1618 1655 1657
1585 1652 1654 1657
1587 1641 1656 1657
1590 1623 1642 1657
1592 1642 1655 1656
1595 1645 1656 1657
1597 1642 1646 1657
1598 1655 1656 1657
1601 1638 1640 1657
1603 1630 1655 1657
1605 1640 1644 1657
1606 1634 1643 1657
1606 1644 1648 1657
1609 1614 1646 1657
1611 1613 1630 1653
1613 1618 1655 1657
1614 1651 1655 1657
1616 1631 1635 1657
1618 1645 1656 1657
1621 1634 1643 1657
1622 1641 1656 1657
1625 1650 1653 1654
1627 1649 1652 1654
1629 1638 1656 1657
1631 1634 1651 1655
1632 1641 1656 1657
1634 1640 1646 1657
1635 1641 1656 1657
1636 1648 1649 1654
1639 1644 1654 1657
1642 1646 1655 1657
1645 1650 1655 1657
1647 1649 1654 1657
682 1584 1592 1655 1657
911 1524 1593 1650 1657
1007 1414 1516 1647 1657
1076 1464 1591 1650 1657
1127 1433 1508 1566 1656
1168 1591 1618 1620 1657
1203 1561 1645 1651 1655
1235 1630 1637 1654 1657
1264 1572 1584 1651 1655
1287 1464 1479 1614 1652
1308 1332 1630 1646 1657
1320 1642 1644 1648 1657
1335 1472 1579 1587 1657
1347 1477 1498 1614 1657
1356 1490 1512 1594 1603
1366 1447 1617 1648 1649
1373 1615 1642 1649 1657
1383 1640 1645 1656 1657
1394 1555 1600 1651 1657
1402 1592 1632 1641 1656
1408 1610 1614 1641 1655
1416 1629 1651 1656 1657
1422 1450 1478 1487 1594
1428 1558 1615 1651 1657
1437 1517 1655 1656 1657
1443 1479 1620 1656 1657
1448 1607 1639 1646 1654
1455 1646 1649 1654 1657
1462 1560 1611 1655 1657
1466 1605 1644 1648 1657
1470 1649 1651 1654 1657
1476 1608 1642 1645 1657
1480 1606 1644 1649 1657
1484 1605 1644 1648 1657
1489 1550 1639 1652 1657
1494 1539 1611 1656 1657
1500 1613 1652 1655 1657
1505 1533 1586 1636 1655
1508 1566 1629 1656 1657
1514 1520 1533 1558 1657
1517 1630 1645 1656 1657
1520 1627 1629 1638 1657
1524 1615 1652 1656 1657
1527 1606 1643 1646 1657
1531 1598 1627 1648 1653
1534 1609 1619 1625 1628
1538 1649 1650 1654 1657
1542 1558 1649 1654 1655
1545 1564 1583 1618 1657
1548 1615 1646 1653 1657
1553 1621 1629 1633 1657
1556 1648 1649 1654 1657
1560 1587 1641 1656 1657
1562 1615 1620 1626 1657
1565 1591 1611 1653 1657
1568 1604 1624 1650 1657
1572 1630 1634 1655 1657
1575 1625 1626 1639 1653
1578 1611 1632 1655 1657
1583 1603 1654 1655 1657
1585 1606 1638 1644 1648
1587 1632 1641 1656 1657
1591 1637 1640 1642 1657
1595 1623 1647 1654 1657
1598 1621 1637 1656 1657
1601 1613 1620 1655 1656
1604 1619 1636 1652 1657
1606 1634 1643 1654 1657
1609 1625 1645 1651 1654
1612 1628 1638 1651 1657
1615 1634 1645 1653 1657
1618 1641 1645 1656 1657
1622 1639 1641 1656 1657
1627 1630 1651 1655 1657
1630 1631 1633 1655 1657
1634 1651 1654 1655 1657
1639 1650 1651 1654 1657
817 877 1304 1581 1650 1657
844 1132 1463 1511 1589 1653
960 1400 1552 1629 1654 1656
1031 1350 1534 1618 1655 1657
1098 1462 1608 1637 1654 1657
1143 1602 1620 1621 1651 1653
1179 1344 1606 1644 1648 1657
1213 1587 1632 1642 1656 1657
1243 1547 1562 1627 1653 1657
1272 1515 1560 1655 1656 1657
1293 1635 1641 1651 1656 1657
1311 1498 1604 1633 1655 1657
1324 1610 1618 1645 1655 1657
1339 1379 1591 1648 1654 1657
1351 1604 1644 1648 1650 1657
1361 1605 1640 1644 1652 1657
1371 1568 1612 1619 1652 1657
1381 1523 1615 1637 1639 1657
1392 1490 1582 1643 1655 1657
1400 1568 1581 1625 1638 1653
1408 1481 1576 1616 1651 1657
1416 1469 1556 1558 1595 1651
1421 1630 1648 1653 1655 1657
1429 1532 1616 1620 1653 1657
1437 1570 1620 1632 1647 1657
1443 1600 1613 1630 1638 1656
1449 1611 1613 1620 1621 1631
1458 1551 1635 1641 1656 1657
1464 1588 1649 1650 1653 1654
1469 1567 1617 1637 1653 1657
1475 1617 1623 1624 1652 1654
1480 1591 1625 1626 1638 1657
1485 1534 1609 1618 1619 1657
1492 1559 1601 1630 1634 1657
1497 1538 1552 1627 1634 1653
1503 1603 1626 1633 1650 1657
1507 1618 1625 1626 1655 1657
1513 1541 1549 1565 1639 1649
1517 1622 1633 1645 1656 1657
1521 1573 1631 1639 1651 1655
1527 1528 1605 1638 1645 1646
1531 1545 1564 1598 1649 1657
1534 1609 1619 1651 1655 1657
1540 1545 1601 1604 1652 1657
1544 1616 1632 1652 1656 1657
1549 1587 1616 1639 1656 1657
1554 1643 1644 1648 1655 1657
1560 1565 1575 1576 1641 1656
1562 1629 1638 1653 1654 1656
1566 1618 1629 1655 1656 1657
1572 1610 1619 1633 1655 1657
1576 1587 1627 1641 1656 1657
1580 1614 1647 1654 1655 1657
1585 1586 1642 1643 1650 1657
1589 1590 1603 1625 1654 1657
1595 1617 1623 1624 1636 1652
1599 1636 1643 1646 1649 1651
1605 1615 1627 1643 1644 1657
1609 1630 1639 1651 1655 1657
1615 1618 1634 1655 1656 1657
1621 1631 1639 1648 1655 1657
1628 1643 1650 1652 1654 1657
1638 1640 1651 1652 1653 1654
725 1490 1585 1594 1623 1624 1656
912 1565 1571 1576 1632 1655 1657
1010 1352 1353 1525 1530 1557 1624
1076 1565 1613 1628 1645 1655 1657
1129 1529 1603 1606 1621 1648 1657
1169 1421 1572 1629 1630 1638 1657
1202 1501 1605 1637 1643 1644 1657
1232 1259 1422 1582 1634 1648 1657
1259 1451 1488 1586 1608 1637 1646
1282 1495 1565 1567 1650 1651 1657
1302 1541 1626 1637 1649 1656 1657
1319 1556 1638 1653 1655 1656 1657
1335 1357 1548 1629 1655 1656 1657
1346 1390 1549 1632 1649 1653 1657
1358 1496 1614 1620 1641 1656 1657
1368 1523 1537 1556 1569 1653 1657
1379 1573 1607 1627 1639 1651 1657
1391 1475 1552 1599 1645 1654 1657
1401 1511 1618 1645 1650 1653 1657
1410 1509 1598 1633 1641 1655 1657
1417 1600 1631 1645 1654 1655 1657
1424 1635 1641 1642 1650 1651 1656
1434 1581 1613 1631 1650 1655 1657
1442 1554 1627 1636 1638 1651 1657
1450 1460 1568 1590 1594 1654 1657
1458 1588 1608 1626 1645 1656 1657
1465 1579 1596 1635 1641 1656 1657
1471 1620 1627 1628 1633 1656 1657
1478 1487 1525 1547 1573 1650 1657
1484 1559 1597 1631 1644 1655 1657
1491 1568 1617 1634 1646 1650 1657
1497 1552 1605 1638 1644 1655 1657
1504 1572 1591 1630 1649 1655 1657
1508 1622 1633 1651 1655 1656 1657
1516 1537 1572 1627 1629 1642 1657
1520 1631 1636 1644 1652 1655 1657
1527 1605 1634 1640 1643 1650 1655
1533 1603 1635 1641 1654 1656 1657
1540 1580 1600 1645 1655 1656 1657
1546 1559 1633 1650 1651 1656 1657
1553 1593 1647 1650 1652 1653 1657
1560 1565 1627 1639 1641 1656 1657
1565 1566 1635 1639 1641 1656 1657
1572 1607 1631 1636 1651 1654 1655
1578 1598 1611 1613 1641 1656 1657
1586 1590 1619 1640 1643 1644 1656
1593 1608 1627 1642 1646 1654 1657
1602 1604 1608 1637 1649 1654 1657
1610 1630 1636 1651 1654 1655 1657
1624 1643 1649 1650 1652 1654 1657
906 915 1404 1418 1554 1601 1637 1657
844 1216 1359 1464 1549 1602 1612 1657
961 1368 1376 1556 1614 1640 1654 1657
1038 1047 1527 1554 1619 1643 1646 1657
1099 1522 1527 1565 1573 1605 1643 1657
1145 1363 1392 1490 1575 1653 1656 1657
1179 1214 1344 1580 1604 1639 1648 1651
1209 1465 1525 1579 1649 1652 1653 1657
1237 1423 1468 1523 1525 1569 1651 1653
1265 1435 1484 1632 1640 1644 1648 1657
1289 1401 1429 1547 1585 1623 1652 1657
1307 1625 1626 1636 1643 1654 1656 1657
1324 1386 1610 1628 1645 1655 1656 1657
1338 1498 1584 1618 1631 1634 1655 1657
1352 1504 1622 1632 1644 1655 1656 1657
1364 1528 1606 1621 1646 1648 1656 1657
1376 1460 1532 1573 1597 1601 1634 1657
1387 1501 1615 1624 1645 1651 1655 1657
1398 1570 1615 1650 1651 1652 1653 1656
1409 1464 1482 1547 1549 1590 1651 1657
1417 1526 1612 1642 1649 1650 1654 1657
1426 1471 1597 1624 1628 1642 1650 1657
1437 1458 1634 1639 1643 1646 1651 1657
1446 1461 1497 1527 1605 1630 1643 1657
1455 1513 1571 1630 1646 1649 1655 1657
1462 1604 1608 1633 1643 1646 1656 1657
1470 1543 1554 1577 1585 1642 1652 1657
1477 1603 1608 1639 1647 1652 1656 1657
1485 1502 1533 1593 1634 1643 1656 1657
1494 1505 1610 1618 1628 1639 1655 1657
1501 1562 1607 1624 1629 1653 1656 1657
1507 1620 1625 1627 1637 1645 1654 1657
1514 1603 1614 1627 1633 1636 1643 1657
1521 1561 1633 1651 1653 1654 1655 1657
1529 1562 1591 1629 1651 1653 1656 1657
1538 1554 1595 1608 1623 1636 1647 1653
1546 1551 1565 1572 1634 1639 1653 1657
1555 1574 1580 1625 1634 1651 1655 1657
1563 1576 1590 1616 1622 1635 1641 1656
1573 1584 1602 1619 1631 1633 1647 1655
1583 1613 1618 1633 1645 1651 1655 1657
1595 1605 1629 1634 1645 1653 1656 1657
1608 1613 1620 1625 1649 1650 1654 1657
517 716 1351 1488 1510 1594 1622 1646 1654
807 1381 1434 1487 1523 1558 1577 1651 1657
945 1322 1519 1569 1582 1594 1637 1643 1657
1026 1461 1479 1578 1614 1620 1635 1651 1657
1094 1406 1492 1545 1595 1627 1642 1647 1657
1143 1530 1571 1607 1611 1636 1637 1642 1653
1182 1357 1572 1618 1628 1630 1645 1655 1657
1217 1450 1546 1582 1592 1594 1651 1653 1657
1245 1292 1515 1546 1621 1637 1640 1642 1652
1271 1438 1580 1588 1589 1607 1650 1654 1657
1295 1385 1535 1609 1619 1647 1650 1655 1657
1315 1434 1506 1594 1630 1638 1653 1656 1657
1334 1477 1523 1569 1625 1626 1647 1652 1657
1349 1389 1549 1551 1575 1625 1645 1655 1657
1362 1492 1574 1600 1603 1630 1650 1655 1657
1374 1488 1559 1600 1628 1654 1655 1656 1657
1388 1533 1571 1605 1621 1625 1634 1643 1644
1401 1473 1586 1628 1635 1645 1652 1653 1657
1412 1528 1531 1608 1638 1640 1647 1649 1657
1423 1468 1478 1596 1631 1635 1641 1655 1657
1433 1498 1592 1616 1631 1633 1655 1656 1657
1444 1451 1515 1569 1608 1623 1637 1654 1657
1454 1560 1589 1642 1646 1649 1650 1654 1656
1464 1498 1622 1633 1635 1653 1655 1656 1657
1473 1542 1582 1600 1616 1636 1648 1655 1656
1483 1502 1524 1548 1593 1614 1620 1647 1650
1494 1507 1571 1597 1625 1631 1651 1655 1657
1503 1597 1599 1627 1647 1649 1653 1654 1657
1511 1523 1569 1577 1580 1593 1649 1652 1657
1520 1547 1595 1635 1641 1646 1654 1656 1657
1531 1541 1564 1593 1600 1604 1630 1653 1657
1542 1579 1609 1619 1635 1637 1652 1655 1656
1556 1558 1593 1646 1650 1652 1654 1655 1657
1568 1617 1623 1624 1625 1626 1640 1651 1657
1586 1608 1624 1637 1643 1648 1649 1653 1657
1613 1622 1630 1641 1653 1654 1655 1656 1657
710 1222 1504 1548 1613 1633 1653 1654 1655 1656
906 1006 1365 1517 1610 1642 1650 1655 1656 1657
1002 1496 1576 1604 1616 1627 1641 1655 1656 1657
1069 1504 1513 1548 1600 1616 1630 1635 1652 1655
1120 1511 1565 1566 1596 1622 1639 1641 1656 1657
1164 1518 1584 1630 1644 1648 1649 1651 1655 1657
1203 1344 1437 1535 1609 1625 1628 1643 1649 1657
1235 1334 1360 1496 1537 1541 1592 1639 1655 1656
1264 1504 1600 1610 1618 1630 1638 1645 1655 1657
1289 1422 1553 1569 1582 1594 1595 1636 1637 1657
1309 1554 1587 1592 1622 1636 1641 1652 1656 1657
1330 1483 1502 1534 1536 1571 1647 1649 1656 1657
1347 1390 1481 1573 1618 1626 1646 1649 1655 1657
1362 1518 1608 1634 1645 1652 1653 1654 1656 1657
1377 1428 1511 1556 1589 1638 1645 1651 1656 1657
1392 1560 1601 1641 1642 1643 1650 1654 1656 1657
1405 1484 1562 1580 1629 1634 1638 1643 1644 1657
1418 1606 1620 1621 1627 1634 1643 1644 1655 1657
1431 1516 1602 1629 1631 1638 1639 1654 1655 1657
1445 1477 1517 1584 1636 1640 1646 1655 1656 1657
1458 1474 1493 1589 1623 1636 1648 1650 1654 1657
1469 1544 1571 1619 1639 1645 1647 1650 1652 1657
1482 1506 1520 1633 1639 1647 1649 1650 1654 1657
1495 1575 1595 1614 1628 1639 1645 1650 1654 1657
1506 1538 1565 1573 1626 1639 1642 1653 1655 1657
1518 1519 1630 1639 1643 1646 1647 1649 1650 1657
1533 1567 1579 1583 1585 1600 1630 1642 1651 1655
1552 1582 1593 1595 1623 1643 1645 1649 1650 1657
1573 1607 1611 1620 1646 1650 1652 1653 1654 1657
1614 1615 1632 1633 1642 1650 1652 1653 1654 1657
773 1348 1422 1451 1490 1512 1594 1635 1643 1656 1657
936 1226 1485 1589 1595 1623 1637 1650 1652 1654 1657
1029 1278 1317 1471 1492 1513 1551 1612 1642 1654 1657
1098 1370 1417 1431 1503 1547 1566 1567 1649 1654 1657
1148 1414 1438 1461 1541 1552 1580 1635 1643 1656 1657
1192 1273 1485 1595 1617 1630 1636 1639 1645 1647 1657
1227 1463 1468 1547 1578 1615 1639 1648 1654 1655 1657
1259 1512 1591 1594 1599 1601 1621 1622 1644 1648 1657
1287 1457 1489 1510 1551 1562 1614 1644 1648 1656 1657
1310 1343 1485 1573 1639 1642 1644 1652 1654 1656 1657
1331 1518 1600 1613 1618 1630 1645 1647 1650 1655 1657
1349 1462 1553 1576 1598 1601 1604 1608 1635 1653 1657
1367 1466 1504 1559 1606 1640 1644 1651 1653 1655 1657
1384 1388 1442 1522 1568 1591 1593 1605 1634 1637 1657
1400 1513 1562 1578 1616 1623 1629 1635 1653 1656 1657
1415 1529 1576 1587 1598 1622 1632 1641 1655 1656 1657
1429 1466 1528 1581 1583 1626 1644 1648 1654 1655 1656
1444 1512 1569 1589 1594 1595 1630 1637 1652 1654 1657
1459 1553 1580 1635 1640 1647 1649 1650 1654 1656 1657
1473 1571 1606 1611 1630 1637 1643 1644 1652 1655 1657
1490 1512 1516 1518 1523 1538 1582 1594 1651 1654 1657
1506 1522 1626 1643 1645 1647 1649 1652 1653 1654 1657
1520 1584 1600 1630 1632 1646 1649 1650 1653 1655 1657
1544 1577 1579 1580 1601 1627 1641 1652 1655 1656 1657
1577 1583 1626 1637 1639 1646 1647 1651 1652 1654 1657
607 1344 1524 1526 1535 1536 1556 1609 1619 1651 1653 1657
889 1383 1394 1526 1535 1539 1565 1584 1630 1639 1655 1657
996 1410 1500 1541 1576 1592 1606 1622 1633 1634 1653 1657
1073 1508 1566 1576 1607 1615 1635 1637 1649 1651 1656 1657
1130 1334 1492 1538 1598 1622 1623 1641 1650 1653 1656 1657
1176 1437 1479 1494 1503 1537 1607 1619 1641 1653 1655 1657
1219 1425 1503 1589 1596 1622 1627 1632 1641 1655 1656 1657
1255 1488 1567 1574 1583 1594 1608 1623 1642 1650 1656 1657
1287 1500 1564 1599 1626 1627 1642 1647 1650 1654 1656 1657
1314 1528 1536 1571 1607 1609 1642 1644 1648 1650 1655 1657
1338 1481 1557 1583 1584 1607 1610 1647 1651 1652 1655 1657
1358 1545 1549 1629 1630 1637 1652 1653 1654 1655 1656 1657
1378 1504 1522 1607 1614 1624 1628 1633 1645 1654 1655 1657
1399 1415 1629 1630 1632 1635 1638 1645 1653 1655 1656 1657
1416 1527 1573 1591 1595 1603 1607 1629 1638 1642 1651 1657
1435 1483 1515 1602 1605 1608 1640 1642 1644 1648 1654 1657
1453 1533 1582 1607 1620 1635 1636 1639 1641 1652 1656 1657
1474 1504 1551 1567 1589 1607 1616 1623 1635 1654 1656 1657
1495 1532 1568 1599 1617 1632 1634 1640 1642 1643 1650 1657
1515 1585 1592 1598 1614 1622 1624 1634 1640 1643 1647 1656
1546 1551 1602 1612 1618 1620 1638 1649 1651 1653 1655 1657
409 800 1410 1583 1586 1588 1623 1633 1637 1645 1653 1655 1657
804 1240 1472 1583 1611 1621 1635 1643 1649 1650 1653 1656 1657
951 1585 1601 1632 1635 1636 1641 1642 1645 1650 1653 1656 1657
1041 1143 1404 1439 1483 1484 1581 1590 1651 1652 1654 1656 1657
1112 1286 1478 1553 1604 1631 1633 1637 1651 1652 1655 1656 1657
1167 1502 1514 1640 1642 1643 1644 1646 1649 1650 1651 1654 1655
1214 1446 1453 1522 1605 1624 1629 1638 1643 1652 1653 1656 1657
1251 1433 1474 1534 1560 1570 1571 1589 1616 1622 1643 1649 1657
1285 1502 1519 1615 1630 1640 1642 1647 1648 1653 1654 1656 1657
1316 1405 1510 1516 1556 1602 1628 1633 1644 1645 1648 1655 1657
1339 1545 1547 1586 1605 1620 1621 1634 1640 1646 1650 1653 1657
1364 1391 1438 1545 1552 1556 1580 1603 1620 1634 1640 1648 1657
1390 1440 1446 1511 1594 1631 1640 1643 1648 1652 1653 1656 1657
1411 1466 1492 1522 1622 1628 1641 1644 1648 1650 1654 1656 1657
1434 1528 1593 1607 1616 1619 1622 1632 1635 1639 1641 1656 1657
1455 1554 1582 1585 1617 1627 1635 1641 1643 1649 1654 1656 1657
1477 1591 1599 1607 1632 1634 1642 1643 1646 1647 1650 1653 1657
1505 1521 1559 1570 1610 1633 1640 1643 1649 1651 1654 1655 1657
1547 1548 1562 1570 1626 1629 1633 1636 1637 1647 1653 1654 1657
592 1211 1308 1380 1468 1557 1571 1639 1640 1646 1648 1650 1654 1657
898 1370 1510 1570 1576 1628 1644 1645 1648 1649 1653 1655 1656 1657
1010 1310 1465 1525 1527 1579 1606 1639 1643 1644 1646 1648 1655 1657
1092 1449 1545 1565 1581 1590 1630 1637 1642 1646 1649 1652 1653 1657
1152 1466 1561 1572 1584 1605 1610 1616 1631 1644 1645 1646 1655 1657
1207 1449 1481 1585 1599 1609 1615 1624 1627 1650 1651 1653 1654 1655
1252 1393 1466 1585 1587 1617 1623 1639 1641 1642 1650 1654 1656 1657
1290 1440 1443 1519 1550 1580 1591 1601 1627 1643 1648 1650 1654 1657
1325 1336 1408 1544 1578 1596 1601 1632 1635 1637 1641 1655 1656 1657
1351 1510 1531 1629 1633 1636 1638 1642 1644 1648 1650 1653 1656 1657
1379 1489 1545 1578 1591 1593 1620 1626 1632 1637 1643 1653 1656 1657
1407 1461 1518 1552 1600 1613 1626 1631 1638 1650 1651 1652 1654 1657
1431 1563 1587 1616 1620 1635 1636 1638 1641 1649 1654 1655 1656 1657
1462 1533 1547 1578 1592 1601 1635 1650 1651 1653 1654 1655 1656 1657
1497 1540 1550 1553 1562 1586 1608 1629 1637 1638 1652 1653 1656 1657
1551 1567 1611 1612 1622 1623 1632 1633 1645 1647 1650 1654 1656 1657
753 1219 1231 1351 1438 1448 1457 1534 1542 1553 1589 1630 1640 1653 1657
962 1187 1295 1328 1367 1434 1458 1565 1590 1602 1604 1626 1630 1654 1657
1065 1426 1437 1503 1509 1515 1582 1591 1592 1600 1632 1634 1654 1655 1657
1139 1259 1271 1484 1512 1550 1581 1582 1594 1617 1644 1645 1648 1652 1657
1200 1388 1508 1564 1578 1596 1616 1621 1635 1639 1641 1648 1655 1656 1657
1252 1376 1426 1526 1549 1581 1593 1619 1643 1647 1650 1651 1654 1655 1657
1293 1392 1477 1562 1582 1602 1604 1622 1629 1635 1638 1641 1655 1656 1657
1331 1368 1507 1546 1558 1573 1613 1622 1630 1638 1649 1653 1655 1656 1657
1362 1380 1418 1463 1507 1546 1547 1632 1641 1643 1647 1650 1654 1656 1657
1393 1438 1520 1540 1605 1608 1621 1626 1644 1648 1651 1652 1653 1655 1657
1424 1508 1556 1576 1578 1596 1614 1616 1618 1622 1649 1654 1655 1656 1657
1460 1461 1475 1495 1527 1580 1581 1599 1624 1625 1639 1646 1654 1655 1657
1504 1515 1564 1618 1627 1628 1637 1638 1642 1650 1651 1652 1653 1655 1657
404 1231 1389 1457 1502 1511 1549 1551 1562 1589 1616 1622 1642 1649 1656 1657
889 1283 1364 1467 1561 1570 1575 1605 1609 1621 1627 1640 1643 1650 1653 1657
1017 1033 1138 1490 1522 1538 1567 1585 1599 1604 1608 1623 1624 1653 1656 1657
1112 1585 1602 1605 1623 1624 1626 1635 1644 1646 1648 1652 1653 1654 1656 1657
1179 1484 1526 1536 1580 1593 1595 1597 1605 1609 1615 1624 1644 1648 1655 1657
1233 1506 1515 1538 1602 1603 1624 1626 1627 1642 1649 1650 1653 1654 1656 1657
1283 1369 1473 1526 1535 1561 1571 1591 1605 1613 1631 1639 1644 1648 1655 1657
1329 1383 1422 1509 1547 1569 1571 1578 1612 1616 1621 1635 1639 1642 1655 1657
1364 1380 1384 1391 1399 1486 1497 1530 1532 1597 1613 1625 1646 1648 1650 1657
1403 1443 1570 1574 1575 1583 1591 1621 1628 1631 1635 1645 1648 1653 1654 1657
1446 1461 1567 1571 1593 1599 1622 1623 1634 1636 1641 1648 1652 1653 1656 1657
1499 1613 1616 1633 1635 1636 1637 1639 1645 1647 1649 1650 1652 1654 1656 1657
642 1224 1456 1459 1484 1497 1572 1580 1585 1616 1628 1643 1644 1648 1652 1653 1654
933 1328 1597 1614 1619 1624 1636 1640 1642 1644 1647 1648 1649 1650 1652 1654 1657
1058 1299 1358 1445 1454 1538 1604 1613 1632 1642 1646 1649 1653 1654 1655 1656 1657
1147 1363 1499 1538 1544 1592 1596 1602 1622 1625 1632 1635 1641 1646 1655 1656 1657
1221 1361 1373 1389 1488 1548 1599 1604 1622 1632 1638 1642 1647 1650 1654 1656 1657
1274 1339 1460 1567 1595 1597 1623 1636 1637 1644 1647 1648 1650 1652 1654 1656 1657
1325 1454 1471 1498 1542 1589 1591 1600 1630 1635 1641 1642 1650 1653 1655 1656 1657
1366 1447 1462 1494 1511 1580 1587 1592 1610 1631 1632 1634 1639 1642 1645 1656 1657
1413 1452 1497 1521 1536 1570 1581 1582 1583 1599 1619 1633 1644 1645 1649 1654 1657
1466 1481 1573 1606 1613 1628 1636 1644 1645 1646 1647 1648 1650 1651 1653 1655 1657
823 980 1319 1407 1435 1444 1507 1526 1584 1594 1601 1622 1634 1645 1650 1655 1656 1657
915 1095 1273 1505 1526 1530 1535 1537 1584 1585 1609 1610 1630 1636 1650 1652 1655 1657
1057 1466 1514 1540 1541 1599 1600 1605 1626 1631 1643 1644 1645 1648 1649 1650 1653 1657
1152 1276 1419 1455 1534 1536 1555 1559 1570 1591 1609 1619 1629 1631 1632 1655 1656 1657
1230 1274 1516 1520 1541 1547 1574 1621 1627 1630 1633 1640 1643 1648 1649 1653 1654 1657
1293 1405 1408 1496 1497 1516 1616 1628 1630 1641 1642 1643 1644 1645 1648 1655 1656 1657
1351 1398 1510 1531 1552 1555 1596 1614 1620 1625 1640 1644 1647 1650 1653 1655 1656 1657
1409 1455 1505 1513 1514 1518 1541 1599 1627 1631 1640 1643 1646 1647 1650 1651 1653 1657
1496 1508 1567 1576 1592 1596 1616 1617 1622 1623 1624 1632 1641 1646 1654 1655 1656 1657
823 1186 1235 1359 1412 1477 1576 1591 1592 1611 1631 1636 1645 1649 1650 1653 1654 1655 1657
1021 1359 1380 1400 1456 1488 1525 1537 1576 1592 1604 1605 1617 1623 1624 1632 1647 1654 1657
1144 1333 1462 1476 1503 1532 1547 1552 1562 1636 1640 1643 1644 1648 1649 1650 1653 1656 1657
1235 1390 1485 1504 1527 1580 1595 1608 1616 1636 1637 1639 1642 1647 1649 1652 1653 1654 1657
1311 1326 1391 1427 1446 1504 1517 1553 1605 1631 1640 1647 1648 1650 1653 1654 1655 1656 1657
1377 1459 1496 1529 1546 1573 1576 1587 1596 1600 1620 1622 1631 1640 1641 1654 1655 1656 1657
1462 1472 1496 1514 1541 1562 1568 1601 1611 1617 1622 1623 1632 1641 1647 1652 1654 1656 1657
690 1408 1410 1555 1572 1573 1574 1587 1596 1603 1608 1632 1637 1641 1651 1652 1653 1655 1656 1657
997 1342 1400 1514 1539 1601 1624 1630 1637 1640 1643 1644 1645 1648 1649 1650 1653 1654 1655 1657
1140 1455 1483 1502 1536 1553 1558 1599 1625 1628 1636 1639 1640 1648 1652 1653 1654 1655 1656 1657
1237 1317 1511 1516 1562 1588 1601 1610 1629 1633 1636 1638 1640 1642 1646 1653 1654 1655 1656 1657
1317 1422 1444 1453 1495 1497 1594 1608 1623 1625 1627 1636 1637 1640 1643 1645 1650 1652 1654 1657
1393 1420 1428 1457 1549 1551 1558 1567 1571 1583 1599 1602 1629 1634 1640 1649 1653 1655 1656 1657
635 734 1108 1167 1206 1341 1400 1453 1515 1539 1549 1617 1623 1624 1642 1649 1650 1652 1654 1655 1657
941 1371 1389 1399 1472 1540 1547 1548 1561 1586 1589 1598 1611 1614 1627 1639 1647 1652 1653 1654 1657
1113 1132 1209 1227 1400 1470 1472 1511 1519 1533 1536 1553 1630 1632 1644 1648 1650 1652 1653 1654 1657
1234 1265 1420 1538 1601 1627 1634 1636 1638 1642 1644 1645 1646 1648 1649 1650 1651 1652 1653 1654 1657
1327 1451 1520 1562 1564 1569 1573 1607 1608 1620 1628 1635 1636 1637 1638 1645 1647 1651 1653 1656 1657
1432 1467 1505 1529 1541 1563 1567 1581 1590 1609 1613 1623 1630 1632 1641 1652 1653 1654 1655 1656 1657
776 1254 1286 1407 1531 1544 1584 1587 1613 1616 1618 1631 1636 1637 1642 1645 1647 1650 1654 1655 1656 1657
1063 1265 1269 1542 1545 1561 1562 1588 1599 1601 1610 1619 1636 1638 1643 1644 1645 1649 1650 1651 1654 1657
1204 1389 1395 1485 1502 1538 1577 1591 1607 1609 1612 1629 1634 1642 1646 1649 1650 1651 1653 1654 1656 1657
1313 1465 1468 1474 1539 1545 1554 1569 1584 1593 1602 1611 1612 1630 1636 1648 1649 1651 1654 1655 1656 1657
1446 1471 1497 1499 1500 1513 1542 1548 1585 1599 1621 1628 1636 1642 1643 1644 1646 1649 1652 1653 1655 1657
858 1180 1242 1389 1457 1471 1474 1549 1551 1559 1589 1599 1600 1611 1612 1630 1642 1649 1650 1653 1655 1656 1657
1090 1386 1427 1481 1490 1491 1494 1505 1543 1544 1572 1577 1579 1610 1613 1620 1621 1628 1637 1642 1644 1655 1657
1245 1431 1459 1462 1486 1497 1537 1547 1553 1597 1617 1624 1625 1639 1640 1643 1646 1648 1649 1650 1653 1654 1657
1383 1475 1540 1572 1583 1585 1591 1615 1623 1628 1631 1636 1643 1644 1645 1646 1649 1650 1652 1653 1654 1655 1657
756 1349 1408 1411 1458 1526 1535 1552 1563 1576 1581 1590 1596 1613 1616 1629 1644 1645 1648 1650 1652 1653 1656 1657
1084 1307 1323 1336 1496 1508 1578 1596 1598 1608 1616 1622 1623 1632 1635 1636 1637 1641 1642 1646 1650 1655 1656 1657
1255 1488 1510 1547 1576 1582 1588 1594 1596 1604 1626 1627 1629 1633 1635 1637 1642 1644 1647 1649 1652 1655 1656 1657
1431 1459 1531 1535 1537 1548 1593 1603 1605 1609 1615 1619 1620 1634 1640 1642 1643 1644 1647 1649 1652 1654 1655 1657
936 1509 1512 1548 1569 1575 1582 1594 1595 1601 1609 1611 1617 1621 1624 1629 1632 1639 1641 1649 1650 1654 1655 1656 1657
1196 1277 1435 1452 1498 1505 1519 1553 1581 1613 1615 1618 1619 1630 1634 1639 1640 1644 1648 1649 1650 1653 1655 1656 1657
1383 1409 1443 1475 1538 1540 1541 1599 1620 1623 1625 1627 1636 1640 1642 1643 1644 1645 1647 1649 1650 1652 1653 1654 1657
944 1277 1297 1427 1466 1486 1528 1532 1571 1585 1591 1601 1606 1609 1626 1631 1633 1636 1644 1649 1651 1652 1653 1654 1655 1657
1205 1325 1425 1474 1477 1483 1485 1506 1524 1551 1555 1580 1587 1613 1622 1625 1628 1633 1642 1647 1648 1649 1650 1655 1656 1657
1448 1483 1514 1521 1522 1525 1536 1564 1571 1580 1620 1621 1627 1629 1639 1640 1646 1647 1648 1649 1650 1651 1654 1655 1656 1657
1042 1199 1216 1383 1389 1513 1516 1530 1566 1581 1585 1589 1597 1614 1617 1623 1636 1639 1642 1643 1644 1649 1653 1654 1655 1656 1657
1311 1346 1382 1446 1498 1510 1515 1572 1584 1591 1592 1603 1613 1622 1631 1632 1635 1637 1639 1641 1647 1648 1653 1654 1655 1656 1657
959 1023 1096 1124 1163 1224 1231 1314 1363 1371 1457 1524 1544 1551 1552 1567 1595 1602 1623 1633 1636 1642 1645 1648 1652 1653 1655 1657
1275 1308 1329 1413 1434 1475 1483 1489 1501 1542 1547 1550 1568 1569 1585 1590 1609 1623 1627 1628 1643 1645 1650 1652 1653 1654 1655 1657
923 1197 1347 1409 1410 1453 1498 1553 1570 1573 1574 1599 1612 1623 1626 1628 1629 1630 1635 1636 1637 1639 1644 1645 1648 1654 1655 1656 1657
1290 1331 1364 1378 1391 1471 1479 1492 1506 1511 1519 1537 1547 1553 1593 1625 1634 1638 1639 1640 1642 1643 1646 1648 1649 1650 1653 1654 1657
1004 1256 1275 1314 1383 1392 1421 1434 1504 1515 1561 1562 1569 1579 1584 1593 1604 1613 1627 1629 1631 1636 1638 1646 1651 1653 1654 1655 1656 1657
608 744 866 1020 1115 1177 1250 1264 1342 1369 1415 1420 1428 1437 1480 1483 1498 1530 1547 1576 1616 1622 1632 1636 1637 1647 1651 1652 1655 1656 1657
1207 1288 1420 1438 1461 1472 1497 1521 1531 1537 1553 1555 1581 1593 1595 1604 1633 1634 1636 1637 1639 1640 1642 1644 1648 1650 1651 1652 1653 1654 1657
1078 1207 1311 1442 1459 1485 1491 1496 1503 1510 1511 1515 1559 1566 1569 1586 1599 1611 1629 1631 1633 1637 1639 1640 1642 1643 1648 1650 1653 1654 1656 1657
1003 1236 1252 1341 1438 1474 1489 1522 1554 1562 1565 1580 1594 1599 1601 1607 1614 1620 1625 1629 1636 1637 1638 1643 1646 1649 1650 1651 1652 1653 1654 1656 1657
1029 1045 1266 1400 1434 1495 1500 1501 1524 1547 1572 1581 1586 1590 1600 1608 1617 1620 1621 1629 1631 1636 1638 1642 1643 1645 1647 1649 1650 1652 1654 1655 1656 1657
1089 1138 1296 1377 1410 1415 1462 1492 1499 1500 1559 1560 1574 1586 1598 1604 1607 1608 1616 1618 1622 1632 1633 1635 1636 1639 1640 1641 1643 1649 1651 1654 1655 1656 1657
828 909 937 989 1045 1278 1287 1444 1454 1460 1471 1475 1501 1522 1549 1551 1567 1568 1582 1589 1594 1604 1608 1623 1624 1626 1636 1637 1642 1646 1647 1649 1650 1652 1653 1654 1657
1045 1147 1158 1340 1416 1426 1453 1495 1501 1508 1510 1540 1552 1578 1581 1590 1594 1599 1607 1614 1616 1624 1626 1628 1629 1634 1643 1644 1646 1648 1649 1651 1652 1653 1654 1655 1656 1657
984 1091 1111 1267 1348 1424 1467 1482 1486 1522 1528 1546 1563 1572 1573 1574 1578 1581 1585 1600 1609 1616 1618 1619 1627 1630 1634 1635 1638 1640 1641 1643 1645 1646 1648 1652 1653 1655 1656 1657
811 882 1141 1147 1154 1193 1247 1251 1287 1309 1425 1450 1457 1479 1499 1531 1539 1542 1549 1551 1573 1589 1603 1609 1612 1613 1616 1622 1632 1633 1635 1637 1639 1641 1643 1649 1650 1652 1653 1654 1655 1656 1657
1239 1274 1322 1373 1400 1415 1416 1440 1449 1473 1495 1503 1505 1508 1513 1516 1518 1544 1547 1565 1572 1592 1596 1608 1617 1621 1624 1628 1630 1632 1633 1635 1636 1639 1640 1641 1642 1645 1647 1649 1650 1653 1654 1655 1656 1657
868 980 1095 1213 1299 1347 1427 1470 1473 1476 1481 1484 1501 1505 1518 1521 1552 1558 1562 1572 1580 1583 1584 1588 1589 1593 1595 1600 1607 1610 1618 1624 1626 1629 1630 1631 1633 1638 1639 1640 1643 1644 1645 1647 1648 1649 1650 1651 1653 1654 1655 1656 1657
902 982 1196 1202 1306 1329 1351 1355 1408 1418 1424 1434 1496 1510 1513 1516 1519 1534 1537 1546 1547 1548 1552 1554 1557 1560 1563 1565 1566 1568 1569 1573 1574 1576 1578 1581 1582 1584 1586 1587 1588 1592 1596 1597 1599 1601 1604 1612 1613 1616 1618 1619 1622 1624 1627 1635 1636 1637 1639 1640 1641 1642 1643 1644 1646 1647 1648 1649 1650 1651 1652 1653 1655 1656 1657
