1
4
6
3
3
3
3
6
4
4
6
6
3
3
3
6
3
4
3
3
3
3
3
6
3
3
6
3
6
3
3
3
1
6
6
6
3
3
3
6
1
3
6
6
1
3
1
3
4
3
4
3
1
6
6
6
6
1
1
6
3
3
3
6
3
3
6
1
6
3
3
6
5
6
3
3
6
6
2
6
6
5
3
6
3
90
55
90
14
73
55
55
55
77
11
77
73
83
11
11
11
3 6
3 6
3 6
1 6
3 4
1 6
452
3 6
294
3 6
120
3 6
922
1 3
2 6
3 6
3 6
3 6
3 6
485
3 6
1 3
2 4
145
3 6
3 6
3 6
146
490
490
3 6
3 6
484
382
3 4
3 6
323
1 6
3 6
2 3
3 6
635
212
1 3
3 7
1 6
3 6
671
1 3
3 6
3 6
402
670
3 6
1 4
2 6
3 6
1 3
3 6
3 4
6 7
3 6
138
3 6
6 11
1121
6 55
6 11
3 11
3 82
4 11
3 55
3729
6 18
2985
3 73
6 73
3 72
6 11
6438
6 27
4727
6 55
5 46
6 11
6 11
6 11
6 11
6 55
3 11
1438
1 11
3447
1 72
6 11
8519
1080
6 11
6 11
6 11
3342
3347
6 64
1993
6 11
3 27
3 55
6 11
6 11
3 11
2895
6 11
3 55
3 11
3 55
6 11
6 55
1956
5785
6 11
1 138
3 378
6 265
6 316
3 233
6 240
19653
3 215
22598
18082
12685
3 316
3 555
6 138
1 236
6 218
6 138
1 125
23093
6 246
3 218
3 4 6
3 294
3 514
3 531
33682
3 490
3 104
3 668
6 490
3 218
6 246
3 136
11 55
1 3 6
19015
19456
3 294
3 4 6
28142
1 3 6
6 849
1 3 6
13951
15244
3 592
14746
2 255
3 490
3 568
2 3 7
3 294
6 424
3 438
55 296
6 9406
3 4035
6 5851
11 246
6 2346
3 9952
6 4078
3 6 11
3 7324
3 6 11
6 7488
1 8430
1 6 11
3 4 75
40 215
3 8762
1 8008
3 6 11
6 7412
27 148
4 4209
3 4705
6 2081
3 6 27
2 6 11
3 6 11
1 6 18
3 6 11
3 6 11
77 303
3 6 11
3 4989
3 1035
6 1444
1 3181
11 314
3 3347
3 2895
55 648
6 3620
3 1857
4 6 77
3 6 11
7 1071
4 6 11
77 246
3 6 77
1 2 77
3 1056
6 2186
1 3 11
1 1850
6 2985
3 1883
6 2221
3 7787
6 8251
3 6 77
6 7324
3 2286
3 10352
3 15795
77 2273
1 16085
3 6 487
6 7 424
1 3 4 6
27 8193
4 6 146
6 69 77
6 11 55
1 16086
6 11 27
1 3 316
3 18083
3 21696
6 21202
77 4168
7 55 91
1 11 55
3 6 217
1 3 316
1 3 379
6 17802
6 18006
3 4 589
6 18531
4 22894
6 36491
91 1059
3 4 278
6 14190
3 15544
6 19227
6 11 83
648 880
3 6 294
622 670
1 3 148
3 6 122
3 27455
6 10302
3 6 529
3 29155
6 16177
3 6 146
3 6 446
1 6 671
6 13931
1 3 269
6 16207
3 6 3356
1 3 4 11
1 3 6 55
3 6 6290
3 6 6922
1 3 6 70
3 6 4095
446 1605
667 3589
2 6 6125
1 55 648
11 29950
6 11 135
3 4 6 11
3 6 7 11
648 9876
1 3 2074
3 6 4111
294 3932
294 4660
11 19627
6 11 215
3 11 145
3 55 152
2 17 484
6 11 215
275 5069
1 3 3351
314 1914
82 19047
11 19881
3 11 229
152 3859
3 55 359
1 6 9560
1 3 1599
246 1169
3 6 1490
1 6 4177
3 55 146
3 6 6392
3 11 148
6 11 420
6 11 532
3 6 3255
1 3 6 11
6 11 316
3 6 1855
6 11 762
6 294 316
6 11 3157
1 11 6320
146 14460
1 27 2009
6 11 1927
3 77 3315
3 72 4506
3 6 10055
3 11 3384
3 6 29387
1703 5850
3 4 5 6 7
3 6 15820
6 145 314
3 6 11 90
6 11 7900
3 605 607
2 11 2881
3 6 26573
3 6 17205
423 16470
2985 4721
6 11 4755
3 6 21446
4123 5700
3 148 218
6 11 2815
6 11 1071
3 6 12467
6 11 3003
6 17 6897
2 4 12958
7 77 4155
1 3 6 303
3 218 590
4 273 964
3 6 11 49
3 55 8950
3 6 11914
3 6 55 77
142 14977
6 11 3127
6 11 9668
2 6 11 12
3 6 11 40
6 11 1057
6 281 3456
1164 17874
2009 20584
17 359 993
6 136 1489
11 27 4680
3 6 64 316
3 514 6148
6 801 5291
1 3 55 316
3 152 1017
3 337 1138
3 738 1039
6 11 15253
1 6 11 138
3 120 7840
6 786 3469
3 616 3003
3 91 11133
6 11 55 69
1 246 2909
6 585 2849
1 3 11 490
3 11 27 55
1 6 11 502
3 468 5524
3 6 11 358
2143 25603
6 11 16062
3 6 55 138
3 6 11 446
11 64 2009
3 6 11 734
1056 12973
3 6 55 504
4588 11070
1087 12710
27 64 2869
3 6 11 484
88 870 993
3 6 83 622
3 27 29013
91 993 3450
3 6 11 6688
10378 11519
6 290 14829
15595 20769
3 6 11 6284
3 6 11 2864
4 6 40 6439
4 138 20938
2 3 7 27 77
2 3 6 22194
3 11 78 612
4 6 617 930
2 6 11 1177
6 1644 1956
3 6 134 622
3 1771 4000
1 6 7 11 55
6 138 27293
3 218 10409
1 3001 9632
6 273 16495
6 2889 4752
6 11 55 612
2 6 11 4426
6 11 55 612
4 2050 3315
3 6 11 3090
3 6 11 1566
6 490 21367
6 1106 1858
73 490 6546
11 435 7627
3 6 11 3762
3 693 18884
3 6 152 218
3 490 11859
3 6 148 640
3 5661 11109
6 11 218 295
1 6194 15243
1 91 492 944
1 6 488 3235
6 5230 17305
1 3 294 1027
3 1779 20037
1 3 749 3356
3 18 55 9466
6 4509 17477
3 6 852 1177
1 3 6 11 423
6 11 148 218
6 6367 20303
3 4 294 1581
3 3409 10704
3 6 307 1049
6 3589 29834
1 54 69 3255
3 6 880 4060
6 11 306 438
6 1077 14332
1 2 218 1118
55 1490 5479
3 6 55 21409
3 6 446 4988
3 6 152 4209
5 6 951 1465
3 6208 22912
6 2247 29144
3 6 7 27 218
3 9171 27086
3 4142 15631
3 11 554 1164
6 11 656 3282
3 17935 22286
3 11 138 9532
6 27 799 5937
3 423 648 767
6 11 737 3604
1 3 6 25 1939
3 11 295 1997
3 6 294 27502
3 6 316 14384
1 3 5 218 226
1 6 11 77 633
3 11 138 3589
1 2 6 11 1057
152 2228 3126
6 27 590 6593
6 14 678 8038
3 6 11 77 248
1 3 138 13380
3 4 1017 6880
1 3 215 33035
6 13685 16701
11 2344 29063
3 77 218 4225
3 6 2093 3826
1 3 1180 4966
3 4 6 11 1101
1 3 643 14341
4 27 5153 6279
3 6 11 139 422
3 6 3518 21979
1 3 6 307 2309
6 55 587 19783
3 11 148 21550
4 55 294 22997
3 11 485 31098
3 6 11 661 737
6 135 496 2038
1997 2165 7786
3 6 11 269 378
1011 1056 1938
1 3 6 11 11560
3 6 11 77 1752
3 11 316 35640
6 269 490 6207
246 8684 20211
1 3 6 151 3620
1 55 1044 9366
1 3 7568 16532
3 4 73 77 9130
3 55 1981 3317
6 55 294 19557
3 294 934 7739
6 11 490 10768
4 6 1596 12798
6 7 83 215 1078
1181 4507 18437
1 3 10690 24955
1 3 6 7 83 1777
6 323 1596 3230
3 6 64 120 4562
6 218 638 19441
6 11 8391 13256
6 11 21 316 916
3 6 64 273 2160
1 3 6 234 10496
3 6 11 490 2303
3206 5379 27725
6 294 482 10619
294 14940 20788
6 11 64 564 678
55 344 584 4252
6 64 2952 23594
1 6 11 316 6995
1 3 6 2301 3317
3156 4070 14307
136 307 631 662
446 11636 24065
1 3 27 446 16643
3 6 11 294 13934
6 11 55 453 1525
3 4 7 27 55 1529
3 6 11 40 44 829
6 273 5534 31312
3 6 11 2136 3647
3 6 11 901 16724
6 11 73 316 3315
3 4 494 749 2035
3 6 55 1086 1839
3 6 11 916 12765
1 3 6 7 514 1680
2 3 69 504 28172
3 2001 2344 2895
4 55 10832 17467
27 446 1775 2858
6 7 218 314 4774
2209 16796 22587
4 6 7 11 83 7119
3 55 138 294 3170
6 11 229 622 6334
1 3 6 11 138 5752
3 6 11 56 579 928
1 3 6 55 265 1573
1 3 499 1777 3322
77 1855 2211 4962
3 6 148 218 17489
3 6 11 91 273 376
3 55 70 1177 3347
3 6 27 77 316 424
3 55 291 294 8844
1 3 294 2439 6479
6 11 136 446 3378
3 4 928 5385 7081
1 2 6 55 677 4733
3 1035 5983 10813
3 6 7 11 28 32 83
3 6 11 69 273 7898
3 6 11 12 974 4969
1 3 6 55 1685 1965
1 6 11 73 590 3181
3 6 11 218 246 447
12 145 15537 33318
148 371 2895 12436
3 6 1564 1868 2954
3 6 605 1105 12836
6 11 235 1039 3347
3 6 2324 3347 6099
6 11 934 2158 3997
3 6 11 27 423 2962
2 3 6 11 27 73 316
1 3 6 922 928 3169
1 6 11 359 585 8849
3 6 2439 6351 22008
6 762 845 1765 3538
1 3 6 11 3347 19713
491 3226 8826 11633
3 6 2335 3334 15756
6 7 11 64 1149 9207
3 6 7 11 1599 15621
1 3 7556 7860 26205
3 11 40 55 638 1637
3 6 11 136 484 1101
4 6 138 378 492 640
6 11 25 27 145 6451
4 492 677 2117 6302
1 3 4 6 11 452 10457
5 7 27 69 1050 18217
3 6 11 281 3620 6468
6 11 136 138 446 662
3 55 737 12732 12820
3 6 11 246 303 12673
3 502 1144 2048 7816
3 139 380 1059 16208
1 6 7 11 78 438 6589
3 6 11 509 2203 3317
3 6 11 638 656 11135
6 11 314 438 737 927
1 3 6 11 408 512 1704
6 11 9638 15000 15951
3 6 314 490 1524 4156
3 6 11 77 10201 20225
3 6 11 1077 1435 1777
3 6 11 2428 3553 8351
11 455 987 4629 25762
6 7 11 27 89 303 1962
3 6 11 1164 2104 4279
3 6 11 64 316 644 670
3 6 11 25 77 281 1568
1 3 6 11 25 27 73 1059
3 6 11 55 228 344 1455
7 11 158 264 265 17742
6 24 269 667 6027 8988
3 6 473 2826 2948 3980
1 6 11 140 218 229 357
1 3 359 532 3580 38568
3 6 55 152 12637 27090
3 6 296 4390 5602 9709
1 4 6 11 138 5082 17186
1 6 11 64 377 378 13875
1 3 6 11 40 77 215 4015
3 4 11 55 77 1057 11611
3 6 11 1800 14918 18250
3 7 27 64 879 1579 2354
6 11 508 1808 3847 4738
1 6 11 12 492 2855 5330
6 55 70 2186 9947 19346
3 6 11 77 135 1725 13051
3 6 11 69 316 2145 29470
6 11 781 2303 5527 19198
6 11 316 916 22612 27057
3 6 7 11 83 229 747 2276
6 11 18 83 269 290 10148
6 235 294 1463 1864 2434
3 6 675 3222 10265 16988
6 27 83 138 420 4238 4364
4 6 11 218 3976 5810 6152
3 424 1141 1469 1829 5751
6 303 687 3128 3378 22293
6 11 296 520 521 522 3835
3 6 138 631 632 1514 4984
6 7 27 934 1140 2861 6611
3 6 11 64 83 635 2298 6867
6 11 89 487 490 1071 10697
3 6 148 218 2143 5192 8917
6 11 27 40 158 232 640 755
1 7 568 648 3003 3356 8519
5 6 73 138 2324 2431 13239
3 6 11 77 316 470 490 16577
3 6 11 322 1597 11758 15010
6 11 148 218 355 8555 34820
6 11 69 142 148 218 650 744
3 6 11 316 492 584 737 2081
1 3 6 11 307 1112 1686 1748
1 6 11 136 662 772 1101 4781
6 11 269 506 1580 2939 23727
6 7 11 27 83 85 86 205 10719
3 6 11 55 69 148 218 294 987
6 11 64 640 1593 13748 16622
6 11 77 278 290 737 2057 4170
6 7 205 502 617 700 2234 2342
3 6 11 129 278 492 7322 13009
3 6 11 14 55 64 254 1688 2335
3 7 293 3315 9641 11988 12681
3 6 11 14 55 115 749 1743 9435
6 40 77 83 534 3101 6404 26724
6 11 233 307 554 564 1030 2985
6 11 77 303 446 2142 3273 7049
3 4 6 89 438 458 686 1644 2889
2 6 11 27 49 205 294 1770 24146
3 6 148 218 644 2303 9143 23196
1 6 11 64 290 670 730 2986 4952
3 4 6 11 363 473 2979 4969 5634
6 11 20 77 268 667 698 872 3538
1 6 7 11 27 40 278 897 5402 7981
6 40 71 77 273 382 659 1711 3804
1 6 27 55 91 355 993 17080 33389
2 6 7 28 32 2226 4868 6174 20967
3 6 54 215 622 897 1144 1489 2333
6 11 218 936 1438 1439 7393 16419
6 11 568 2196 2310 4067 4328 8894
1 3 4 6 293 316 756 866 4026 4581
6 11 294 492 506 737 791 1008 6217
6 11 20 5999 6904 7488 10878 13923
3 6 11 77 205 261 262 263 302 3520
6 11 69 316 499 574 675 4545 23189
3 6 7 11 27 49 87 316 897 2395 8196
6 7 11 138 156 232 367 612 632 1651
2 6 11 83 136 138 662 663 1101 9391
6 11 91 135 136 229 448 662 967 6163
1 3 6 11 254 268 3129 3426 3660 6151
6 11 218 555 993 1564 1977 4566 5630
1 3 6 11 756 762 946 2819 4026 10715
1 4 6 7 11 1118 2304 2331 14215 24695
1 3 4 6 11 18 737 2292 3258 3797 6706
6 11 18 218 3589 3821 7766 7939 18518
3 6 11 82 83 299 474 545 793 1011 8613
1 4 6 11 148 218 446 916 993 1183 2196
1 3 6 11 12 215 588 598 974 3243 14308
6 11 45 215 450 832 894 1569 2886 2939
1 3 6 11 490 531 717 835 2344 4093 4584
6 11 40 657 659 665 1143 2085 4015 7974
3 6 11 138 422 607 1177 1596 1818 11602
6 7 11 28 32 34 36 37 148 218 1132 21715
3 6 7 11 27 993 1140 2231 2847 3247 3658
6 7 91 890 934 1773 5932 5983 16621 19299
6 11 77 246 747 2124 2951 3145 3515 22625
1 3 6 11 251 590 737 3603 4327 7539 20774
6 11 72 316 438 1600 1807 3856 10807 23833
3 6 44 55 281 644 987 3235 3491 8721 14374
6 11 55 514 1518 1519 1917 2278 3577 17395
2 3 6 11 77 215 378 446 490 1490 1801 28594
3 6 11 27 55 90 215 520 521 3510 4750 13290
6 7 11 205 278 321 446 516 518 674 1054 5178
3 6 145 438 793 832 1008 1848 2324 3416 3958
40 78 138 657 658 659 660 665 2085 7974 8778
1 6 11 45 89 90 159 230 233 506 784 4060 5376
1 3 6 11 101 397 422 643 946 3085 12742 24996
3 6 7 11 27 28 32 37 504 1529 4791 11605 12495
2 3 6 11 573 4880 5538 10439 13518 15498 18600
1 6 11 372 438 465 483 522 1011 1141 2094 3394
1 6 11 148 218 316 498 2152 2971 3090 3419 8808
1 3 4 6 11 296 667 851 3390 3473 5538 5695 6400
1 3 4 6 11 27 192 314 3098 7260 7346 18879 24368
5 6 25 347 354 686 1681 3297 4594 5789 6990 8672
6 11 64 473 492 991 1458 2185 2298 2418 2419 6336
3 7 32 138 146 191 204 1781 3860 3891 15275 20602
6 11 446 460 539 603 640 3381 3506 4123 6885 21123
1 3 6 11 83 218 490 1991 3467 3663 4602 5657 11020
3 6 7 11 27 32 77 852 934 1835 2226 2242 6508 13895
4 6 11 64 90 140 238 422 438 546 724 1144 1149 5058
1 4 6 11 135 136 662 1101 1644 2889 4684 18737 22213
6 7 11 46 89 218 307 379 632 686 1644 2303 3378 5657
1 6 11 40 314 324 329 330 331 332 333 334 338 339 871
3 6 11 43 91 148 218 316 987 1923 2029 3416 4930 7033
6 11 40 161 215 657 658 659 660 661 665 1143 2086 4015
2 3 6 11 314 351 371 382 827 832 838 897 945 1457 1810
2 6 11 40 135 161 269 492 494 658 659 660 737 1014 2324
6 11 45 88 148 218 316 749 974 1056 2886 2993 5048 23006
1 6 504 640 1644 1838 2067 2211 2888 4503 5656 6040 9382
1 6 7 11 27 56 83 91 138 278 667 1800 2303 3553 7737 7738
1 6 11 40 145 492 1997 2007 3747 4119 4365 4503 6569 7790
3 6 11 323 508 515 518 633 1564 2371 2880 4629 16656 27368
1 3 6 7 11 27 28 32 64 74 321 897 2243 3351 6646 8011 17525
1 3 5 6 11 25 28 77 148 218 667 737 858 1019 5092 5093 5101
3 5 6 11 28 37 40 159 421 648 657 658 659 665 1569 1868 1934
3 6 11 135 136 215 345 514 737 1011 2059 2159 2192 6015 10461
1 6 11 46 90 141 148 218 686 753 777 792 1644 1838 4871 17998
1 4 6 11 64 552 650 709 773 1149 2173 2821 3318 3363 4239 5732
6 7 27 134 584 845 1774 2093 3262 3333 4822 4990 6071 7056 8004
6 11 12 54 64 293 506 588 598 974 1531 4616 5355 9404 9635 27328
1 6 7 11 64 136 138 531 670 777 929 993 1118 1652 2020 5727 6715
1 6 11 91 151 215 228 273 475 539 540 719 800 1716 2285 3918 5534
3 7 64 77 247 670 1679 3312 3612 5023 6673 10299 11184 11851 14367
4 6 11 40 230 354 357 494 522 558 827 1008 1166 1754 4895 6166 8712
1 3 6 64 135 584 1800 2019 3092 3680 5027 5366 6500 7140 7391 16658
3 4 6 11 40 120 340 706 1468 1810 2133 3348 3375 3376 4908 5104 6117
1 3 6 155 218 273 303 1850 2050 2188 2330 3363 5534 12466 13931 18933
1 3 7 27 49 276 278 316 446 890 897 2850 3181 3351 5171 5252 6129 7911
1 6 7 11 28 32 83 138 278 446 517 810 942 1769 1919 2324 3422 5257 5874
1 3 4 6 11 64 1174 3702 4322 5592 8284 9203 9371 13744 30501 30502 30503
6 11 17 64 69 247 270 644 2059 2385 3124 4208 4624 5740 15411 15527 23730
6 11 64 648 671 704 1021 1149 1714 2168 2170 2173 2337 3778 4554 9209 9210
2 6 11 43 44 55 343 444 446 490 531 970 1025 1580 1592 1713 1877 1912 1928
6 11 40 55 138 148 161 218 534 658 659 660 661 665 1017 2086 3456 4015 9102
6 11 77 1146 1586 2402 3235 3249 5397 5495 5497 5498 6314 6607 6928 6932 6936
3 6 11 27 83 185 200 204 265 527 1947 8246 11018 13690 14227 14346 22865 22866
1 3 6 11 245 376 378 380 492 1816 1818 2304 2330 3227 3255 3322 4474 5061 12958
3 6 11 55 64 90 135 140 142 229 240 347 354 455 555 729 1132 1469 1536 1824 3197
1 3 6 11 77 90 141 148 218 245 316 331 512 666 1019 1468 2416 2874 3322 3396 5537
6 11 40 55 64 77 83 161 378 446 584 665 737 998 1077 1570 1748 2086 2366 3456 7158
6 7 11 27 28 29 32 3858 3930 5479 8271 8352 8696 9308 12037 16344 16612 20231 21834
1 3 6 11 40 55 138 494 573 678 762 870 1818 2048 2335 3103 4078 4667 6435 6892 15793
2 4 6 11 25 64 77 148 218 229 233 246 369 491 747 1810 1841 2035 2326 3386 4653 15892
6 7 11 27 136 138 148 205 215 218 276 361 490 640 890 897 1155 1503 1507 6260 6630 8080
3 6 11 25 40 138 148 218 235 236 237 316 446 512 573 585 665 677 987 2145 4078 6995 8535
1 3 6 11 148 218 253 455 496 508 512 640 662 1035 1063 1467 1997 2154 3419 4503 4959 8619
3 6 7 12 27 135 321 423 430 433 446 452 491 869 882 986 1018 1019 2357 2387 2397 2942 5178
3 4 6 11 14 64 90 131 316 492 493 675 1485 1616 2044 2095 4547 4548 4654 4872 5067 5304 9833
6 7 11 45 205 470 473 563 588 704 730 811 839 847 965 1044 2159 2423 2817 3985 5287 5873 6335
3 6 7 11 27 49 56 73 141 259 371 372 865 1011 1030 1130 1469 1607 2135 2147 3824 3957 6894 9065
1 3 6 11 137 494 573 675 967 1818 2318 2823 2824 3416 3988 4568 4571 5068 9424 10280 10433 14250
3 6 11 90 142 148 155 218 230 238 255 373 435 470 473 491 512 555 582 835 1858 2356 3993 4970 5013
1 3 6 11 55 148 218 220 222 356 448 687 1680 2214 3346 3724 3971 4210 4480 4597 4700 5115 6711 7107
1 2 6 11 25 40 69 148 156 215 218 232 266 494 583 688 764 824 1515 2148 2265 3317 3384 3456 4058 5671
3 6 11 38 262 342 423 469 512 587 866 1018 1628 1695 1704 1707 1708 3258 3396 3492 3695 4970 5984 6092
1 6 27 218 303 314 512 603 639 640 641 696 1642 1802 1997 2281 3320 3502 4143 4365 6535 7973 10325 20206
1 3 6 11 40 55 64 77 136 269 314 395 438 633 640 670 724 1037 1169 1475 1748 1765 3456 3702 4481 7881 9063
1 6 7 11 77 138 148 218 290 316 361 504 520 521 534 584 666 781 916 1044 1144 1738 2977 3123 3956 4050 25098
1 3 6 11 27 77 205 215 295 307 435 633 1507 1508 1509 2229 2342 3331 3881 3910 3925 4074 7353 7593 10068 11951
3 6 7 11 27 148 218 331 867 897 2148 3669 4443 4833 4834 4835 4836 4837 4838 4839 4840 4924 5092 5093 5101 6439
6 11 64 77 259 324 329 331 332 333 338 339 355 448 492 493 494 762 866 916 938 2046 2095 2304 3974 5718 8733 8914
1 6 40 64 148 218 278 361 537 584 644 701 877 987 1144 1174 3123 3766 4067 4625 5538 5602 7008 7616 8266 9407 23394
1 6 11 77 135 259 266 361 363 364 452 507 539 540 686 762 764 825 845 910 1113 1765 2266 2285 3517 5116 5306 5442 7277
1 2 3 6 11 159 273 380 504 845 1110 1181 1537 1755 1895 1941 2047 2048 2199 4697 4716 4719 5254 5280 5664 5666 6040 7039
3 6 7 11 27 50 51 86 148 205 218 472 513 516 518 621 885 1033 1034 1131 1607 1808 1956 2826 3145 4092 4339 4341 5040 31671
3 6 7 11 27 168 185 204 205 212 1774 1955 1956 2603 2801 2817 3276 3897 3926 4382 4403 8701 9607 9647 11252 12448 14108 14354
55 270 2082 3534 3535 3536 3537 4491 6327 6328 6329 6619 6887 7964 8397 8466 8607 8608 8609 10280 10721 10875 14872 16993 20133
1 4 6 7 11 27 69 83 185 204 278 284 285 286 287 1529 2350 2520 2558 2559 3207 5170 6497 6639 6640 6641 6644 8771 13195 13196 13197
6 7 11 27 77 87 205 212 214 438 879 897 1037 1496 1507 2148 3839 4415 5719 6439 6487 6828 7574 7730 7975 8160 9749 15177 16345 17554
1 6 7 11 77 86 89 218 247 306 438 514 520 522 528 529 530 531 777 987 1018 1609 1679 1906 2132 2176 3405 4564 4746 4960 7797 8096 11273
6 11 1146 1585 1586 2402 3249 5397 5495 6151 6607 6637 6925 6926 6927 6932 6933 6934 6935 6936 7479 8726 8846 9660 9661 12751 15398 20220
6 7 11 27 87 88 220 270 324 446 449 762 866 983 1071 2261 3769 5348 5349 6532 8219 8593 8782 11315 11316 11317 12441 12933 14490 20448 26919
4 6 11 41 55 271 324 327 329 330 331 332 333 334 338 339 356 379 448 537 756 790 866 871 1052 1077 1453 1471 2067 2150 3361 4445 5044 5234 6580
3 6 11 21 69 77 89 102 135 148 218 268 269 271 303 314 361 379 397 446 452 670 899 901 1101 1173 2024 2062 2389 3589 4046 4482 4990 6250 7167 7881
1 3 6 7 11 87 88 211 381 430 433 440 442 446 508 518 858 882 930 1019 1090 1091 1092 1610 1738 1808 2048 2439 2952 2953 3265 3736 4662 4736 5688 16278
1 3 5 6 7 11 27 138 206 361 512 582 877 916 934 1579 1603 1627 1800 1955 2042 2847 2857 2866 2873 3922 4066 4074 4236 5365 5580 5718 5932 6813 7581 11758
6 7 27 28 32 37 83 87 206 218 278 398 399 400 499 879 886 897 1155 1774 1775 1885 1949 1958 2231 2847 2850 2852 2858 3508 6510 6511 6512 6870 6952 8715 14743
3 6 7 11 27 39 58 83 90 455 491 520 521 522 775 781 838 981 989 1019 1141 1637 1810 2941 3374 3692 3693 3718 3835 4686 5044 5192 5524 6333 7522 7796 11532 19826
1 3 6 11 24 102 148 155 157 159 218 221 230 258 273 358 496 573 677 738 761 769 1568 1647 1648 1693 1702 2034 2035 2178 2267 3255 3680 3812 3822 5627 6450 6710 7845
3 6 7 11 25 27 83 85 86 148 321 358 541 737 897 987 1644 1838 2243 2867 3709 6260 6631 6870 8291 10508 10681 10794 10799 10800 11377 11523 16979 17234 17798 17799 21217
6 7 25 27 40 64 77 83 85 86 87 138 148 204 205 212 215 218 276 353 401 402 421 879 897 934 1138 1799 1868 1980 2148 2226 2300 3351 5086 6630 7401 8121 8144 8159 11000 14142
2 6 40 69 136 161 218 273 316 494 496 497 498 659 660 993 1101 4376 4575 4831 4832 4833 4834 4835 4836 4837 4838 4839 4840 4841 5092 5093 5094 5095 5096 5097 5098 5099 5100 5101
1 2 3 6 7 27 148 218 261 282 568 890 934 1455 2109 2110 2111 2112 2113 2114 2115 2116 2181 2310 3348 3376 3594 3777 3864 3865 3866 3867 3868 4104 4763 4807 4966 7397 7762 13441 18152
1 3 6 9 11 12 90 139 140 141 260 294 423 464 473 508 555 556 588 598 624 916 974 1063 1132 1141 1752 1917 2154 2162 2376 3419 3577 3783 4627 4666 4675 4755 4756 5051 6528 9917 10242 12865
1 3 6 11 27 49 77 83 87 102 106 131 187 200 204 205 209 215 316 321 434 438 470 482 494 573 633 865 871 872 897 1008 1030 1054 1155 1559 1868 1906 2072 2303 2305 2387 2869 3937 5082 5979 10165
3 6 7 27 28 32 49 83 85 86 205 632 746 890 934 1078 1140 1958 2228 2229 2232 2239 2443 2847 2850 2859 3899 3908 3922 4380 4381 4790 4791 5081 5929 7573 9111 13809 17534 17534 17535 17536 17537 17538
1 6 11 56 148 218 229 268 271 364 687 987 1142 1214 1225 1236 1247 1257 1305 1351 1362 1373 1384 1395 1406 1417 1428 1436 1437 1559 1807 1915 2028 2044 2168 2216 2332 3181 3766 4779 5510 9355 10349 23812
6 7 11 25 27 83 87 212 265 402 572 897 1138 2300 2331 3342 3351 3508 3517 5205 5345 5346 5347 5412 5608 5991 6087 6088 6126 6357 7364 7907 7981 7986 7994 7995 8002 8112 10041 10508 10545 10605 10797 11747 12707
2 3 6 7 11 56 64 77 83 85 86 148 215 218 354 358 379 491 666 820 821 826 827 897 1017 1131 1741 1754 1769 1770 1771 1885 1888 1895 1897 1906 1908 2168 2262 2952 3091 3197 3492 3791 4152 4160 4194 5040 5905 5967 15498
1 6 7 11 21 27 85 87 88 211 212 215 220 235 265 268 278 349 490 512 684 686 687 867 1639 1973 1976 1977 1978 1980 2285 2331 2808 3585 4074 4415 4444 4662 5146 5380 5849 6835 6896 6915 9193 9315 10724 14496 14624 14705 24926
3 6 11 57 69 148 218 232 259 303 316 363 364 371 582 650 747 768 775 987 990 1132 1535 1536 1568 1810 1824 1825 1857 2035 2070 2122 2123 2125 2126 2127 2128 2129 2130 2257 2258 2262 2264 3197 3317 3436 3638 4442 4507 4747 5694 8956
1 3 6 11 14 27 93 102 103 108 110 111 112 113 114 118 119 130 131 132 137 142 247 397 559 628 710 954 1071 1716 1718 1743 1745 1754 1854 2139 3253 3460 3517 3613 3787 3809 3810 4042 4320 4321 4322 4417 4523 5056 5254 6302 11499 15041 27718
1 6 11 19 58 230 239 259 269 303 381 516 537 598 672 724 737 811 882 884 971 1018 1043 1133 1147 1458 1515 1569 1807 1858 2026 2152 2275 2942 2953 3357 3387 3468 3501 3588 3644 4058 4360 4512 4758 4988 5013 5671 5674 5696 6213 6214 7779 10043 11273
1 3 4 6 7 11 20 25 27 44 49 69 87 139 142 148 205 218 232 237 241 254 278 356 358 364 376 420 434 455 472 491 759 762 783 794 827 829 842 845 916 989 1025 1507 1680 1689 1693 1754 1810 1985 2036 2179 2181 2190 2826 2952 3348 3394 4238 7350 8721 10719 16759
3 6 7 11 27 28 32 37 49 50 51 87 88 205 206 211 265 278 401 879 1030 1048 1155 1498 1810 1816 1822 1947 2226 2858 2864 2874 3127 3128 3508 4662 5349 6053 6506 6512 6541 6734 6967 7447 9473 10314 11704 11814 11828 12441 12727 13432 13684 15241 17054 18794 20634 22034
6 11 46 89 148 218 220 268 269 354 356 357 379 438 448 567 568 578 626 686 687 759 863 1071 1106 1110 1119 1439 1462 1644 1680 1754 1837 1840 2070 2258 2261 3118 3197 3297 3574 3605 3765 3885 4442 4443 4444 4500 4577 4690 4694 4767 5102 5107 5418 6073 7526 8178 9806 11921 14363
1 2 6 11 351 352 364 473 489 494 496 534 584 670 679 687 691 697 699 706 728 731 779 808 815 838 843 996 997 1142 1166 1475 1477 1478 1479 1481 1485 1489 2001 2185 2215 2424 3086 3400 3473 3531 3587 3669 3807 3816 3825 4058 4324 4660 5554 5589 5751 5915 6728 7766 7939 8537 9753 10644 23971
1 6 11 17 18 20 25 39 40 56 90 136 148 218 230 248 253 254 263 268 270 294 314 423 438 445 546 563 581 630 680 747 842 1359 1362 1367 1368 1369 1370 1371 1372 1373 1374 1375 1376 1377 1378 1379 1566 1642 1725 2012 2150 2180 2181 2316 3092 3237 3347 3360 3664 3680 4104 4108 4109 4656 5943 8059 9062 11393
2 3 6 7 11 27 41 46 56 66 78 83 87 142 148 213 218 230 246 254 316 347 379 472 494 504 512 514 555 631 689 818 905 1489 1592 1628 1630 1632 1694 1695 1696 1698 1699 1707 1708 1775 1823 1862 1872 1876 1877 1904 1915 1916 2067 2234 2283 2284 2287 2335 2826 3359 3418 3492 4103 4155 4202 6087 6576 6589 7412 8309 8923 14041
1 3 6 11 40 47 55 138 148 218 221 230 231 257 258 281 306 316 367 370 423 435 438 491 496 512 514 515 525 526 528 529 657 665 678 744 747 752 753 768 786 792 794 827 1011 1025 1044 1168 1466 1518 1519 1808 1863 1912 1919 2018 2038 2049 2086 2133 2163 2196 2251 2283 2284 2377 2952 2953 3385 3405 3415 3560 3772 3955 5225 6665 7272 13220
1 3 6 18 40 138 148 218 254 273 504 658 659 660 987 1203 1214 1225 1236 1247 1257 1260 1271 1282 1293 1304 1305 1316 1327 1337 1338 1339 1344 1345 1346 1347 1348 1349 1350 1351 1352 1353 1354 1355 1356 1357 1358 1359 1360 1361 1362 1363 1364 1365 1366 1367 1368 1369 1370 1371 1372 1373 1374 1375 1376 1384 1395 1406 1417 1428 1436 1437 1818 2086 3456 6886
1 3 6 11 21 25 69 83 93 102 135 136 138 148 218 227 273 324 325 326 327 328 331 332 333 334 335 336 337 338 339 347 355 379 380 397 631 662 686 702 737 845 861 1101 1644 1646 1655 1765 1838 1916 2019 2102 2105 2213 2217 2333 2336 2889 3197 3232 3895 3974 4056 4162 4242 4470 4471 4472 4500 4684 5254 5621 5944 5975 5999 6166 6239 6247 6578 6615 6974 7085 7167 7917 10762 11461
3 6 7 11 27 83 85 86 87 118 148 205 206 211 218 253 616 622 625 925 934 1090 1091 1092 1184 1185 1186 1187 1188 1189 1190 1191 1194 1195 1196 1197 1198 1199 1200 1201 1202 1503 1504 1507 1511 1978 2229 2255 2311 2313 2396 2817 2851 2859 2860 2863 3217 3292 3515 3706 3836 3926 4406 4532 4586 4694 5184 5202 5354 5930 6256 6322 6524 6669 7353 8469 10174 10502 10720 12832 13213 14011 15128 15630 18734
1 6 11 58 102 136 148 151 155 218 228 241 242 248 257 261 262 263 303 358 370 380 428 429 433 442 446 472 473 539 540 603 667 689 747 763 768 783 786 788 800 863 899 978 1120 1121 1127 1128 1131 1136 1469 1517 1536 1548 1569 1644 1710 1804 1838 1857 2020 2040 2041 2070 2133 2134 2150 2155 2183 2257 2271 2332 2888 2953 3045 3143 3145 3155 3197 3239 3370 3501 3521 4026 4105 4417 4651 4673 4708 4721 4781 4966 5374 6744 6811 8480
1 6 7 11 24 27 64 71 77 83 89 90 135 136 148 215 218 220 253 273 303 314 316 321 350 361 378 381 400 423 424 438 470 504 506 514 522 525 526 527 528 529 530 537 548 670 677 685 761 795 901 967 981 1018 1034 1119 1134 1135 1482 1518 1519 1524 1538 1539 1559 1612 1643 1680 1682 1800 1808 1981 1985 2132 2145 2234 2283 2284 2307 2335 2337 2342 2369 2868 2984 3118 3237 3384 3385 3405 3492 3553 3560 3717 3718 3816 4624 5027 5234 5554 6620 7412 7415 7416 8473 19603
1 3 6 11 39 56 90 148 218 232 233 235 236 240 255 259 260 261 262 263 281 369 370 371 372 382 423 435 445 469 473 512 515 522 531 770 771 772 773 775 777 778 780 794 810 812 827 828 829 832 843 969 997 1011 1025 1132 1170 1469 1600 1652 1709 1750 1811 1812 1990 2072 2096 2124 2129 2131 2135 2272 2280 2281 2282 2292 2952 2953 2954 2975 2976 3387 3388 3390 3473 3518 3628 3677 3957 4001 4008 4507 4673 4677 4678 4732 4733 4755 4756 4970 4988 5011 5110 5143 5677 5915 6162 6333 6469 6577 6728 11295 26145
1 6 11 25 56 77 89 90 102 142 148 151 155 218 228 233 240 248 258 260 269 273 281 283 296 303 324 325 326 327 328 329 330 331 332 333 334 335 336 337 338 339 351 352 364 368 373 464 504 522 555 564 697 747 764 766 795 839 866 991 1141 1181 1453 1456 1463 1470 1515 1569 1682 1693 1752 1802 1858 2007 2026 2048 2050 2155 2158 2181 2206 2346 2356 2363 2377 2399 2400 2948 2952 2953 3129 3140 3143 3156 3212 3227 3243 3245 3458 3638 3654 3692 3695 3800 3804 3833 3895 4001 4056 4369 4563 4594 4796 5057 5103 5534 5584 5613 6621 6710 7852 10472 10908
1 2 6 7 11 12 27 40 45 49 83 85 86 87 89 90 128 135 138 148 154 204 205 211 215 218 233 259 260 261 269 278 281 344 355 357 423 424 434 435 438 446 452 462 473 514 525 526 527 528 529 530 540 568 585 598 603 633 667 672 696 787 805 825 860 870 901 916 934 987 1019 1025 1030 1052 1133 1134 1135 1155 1507 1518 1519 1537 1576 1579 1612 1770 1775 1800 1822 1830 1891 1917 1958 1960 1962 2026 2162 2176 2207 2234 2276 2283 2284 2310 2813 2835 2852 2874 2945 3208 3423 3492 3691 3790 3925 3947 4172 4189 4194 4238 5126 5127 5315 5434 6287 6620 6647 6727 8906 9095 9910 10229 10487 11545 13419 13707 14948 19801
1 6 45 226 316 351 473 482 492 494 496 498 573 574 675 677 678 1007 1009 1012 1014 1038 1042 1183 1486 1740 1816 1817 1923 1925 1927 1928 2144 2145 2196 2197 2303 2304 2305 2306 2335 2376 2441 2824 3093 3130 3255 3319 3417 3437 3536 3537 3631 3669 3676 3852 3961 3988 4078 4373 4508 4545 4548 4796 4827 4859 4872 4873 4874 4875 4876 4877 4878 4879 4880 4881 4882 4883 4884 4885 4886 4887 4888 4889 4890 4891 4892 4896 4902 4903 4904 4905 4913 4914 4917 4920 4921 4922 4924 4925 4926 4927 4928 4929 4940 4941 4942 4943 4970 5255 5984 6137 6219 6345 6464 7895 9014 9149 9150 9459 9920 10763 11444 13652 13654 13656 13659 15412 16263 16469 16978 17925 17926 17927 17928 17929 17930
6 7 11 21 27 87 115 148 151 155 205 211 212 218 228 230 231 258 266 276 303 306 316 321 345 367 371 381 402 434 447 470 491 540 541 564 583 650 667 677 689 697 727 741 764 765 767 768 789 817 826 827 841 845 870 890 897 910 916 934 999 1008 1060 1121 1155 1166 1459 1462 1496 1516 1535 1536 1539 1606 1646 1652 1765 1816 1825 1857 1980 2029 2105 2122 2123 2125 2126 2127 2128 2129 2130 2135 2136 2185 2201 2243 2285 2300 2313 2441 2443 2603 2826 3092 3119 3141 3143 3214 3236 3342 3351 3385 3389 3393 3457 3511 3538 3552 3720 3804 3871 3882 3944 3959 3972 4060 4443 4476 4507 4508 4512 4640 4673 4684 4705 4707 4946 4981 5028 5188 5577 5665 5669 5682 5683 5836 6132 6647 6813 6876 6886 6892 6991 7409 7495 7901 7904 8528 9897 10041 10794 11944 12525 12648 13427 15649 16118 17470 21920
1 3 6 11 25 27 45 46 56 58 59 139 142 148 153 154 218 221 230 231 233 235 236 237 240 253 254 261 263 306 347 356 357 360 361 362 368 370 372 376 379 437 448 471 508 515 516 518 519 523 531 541 544 579 588 604 688 699 704 705 719 729 739 747 762 807 811 829 833 838 845 859 863 938 974 980 1044 1063 1119 1120 1131 1451 1462 1464 1535 1560 1561 1568 1612 1648 1652 1682 1685 1686 1688 1691 1692 1693 1738 1750 1765 1806 1808 1809 1826 1983 2048 2058 2067 2080 2083 2094 2152 2157 2159 2176 2178 2179 2251 2263 2269 2271 2273 2275 2276 2277 2278 2333 2363 2386 2876 2971 3118 3120 3121 3144 3366 3392 3394 3419 3468 3518 3520 3574 3576 3695 3712 3960 3985 3992 3994 4060 4068 4359 4360 4496 4506 4508 4516 4522 4573 4577 4627 4629 4679 4696 4709 4712 4715 4719 4736 4737 4750 4753 4757 4760 4965 5049 5050 5058 5168 5243 5311 5370 5425 5537 5629 5663 5666 5685 5686 5689 5697 5698 5938 5953 5954 6335 6570 6621 6688 6769 7201 7395 7396 8029 8064 8431 8996 9279 10670 11225 11361 11444
1 3 6 11 25 49 56 57 90 112 113 128 131 135 137 148 156 158 218 220 224 230 233 234 238 245 260 262 281 296 298 306 316 329 330 331 350 351 356 357 364 368 369 373 379 423 434 435 438 442 444 446 453 455 458 461 468 469 470 473 512 520 521 522 531 537 554 563 564 584 628 672 678 687 688 689 691 697 699 701 706 714 719 726 729 747 753 756 761 771 772 786 787 789 790 793 794 804 811 815 824 827 829 832 834 835 837 838 839 841 857 861 866 870 874 894 916 927 938 946 970 986 1008 1011 1013 1019 1037 1071 1073 1118 1119 1141 1168 1183 1451 1452 1457 1458 1464 1466 1469 1475 1477 1485 1539 1566 1603 1610 1640 1645 1652 1680 1685 1687 1692 1704 1708 1711 1741 1802 1810 1812 1816 1843 1857 1900 2001 2018 2025 2026 2035 2050 2057 2061 2066 2067 2153 2176 2178 2196 2206 2213 2216 2217 2220 2221 2266 2318 2333 2349 2357 2412 2428 2826 2886 2889 2953 2958 2967 2968 3087 3104 3124 3131 3141 3153 3212 3222 3225 3230 3240 3257 3322 3361 3370 3383 3389 3411 3453 3458 3470 3538 3594 3595 3607 3719 3772 3800 3802 3804 3805 3812 3818 3819 3825 3869 3879 3918 3945 3957 3959 3960 3972 3992 4056 4058 4060 4231 4416 4509 4566 4597 4650 4756 4779 4880 4888 4895 4952 4962 4966 4968 4970 4988 4989 5029 5103 5225 5233 5234 5310 5510 5671 5707 5759 5836 5874 5878 5958 6073 6281 6431 6710 6760 6840 6857 6986 7546 7828 7938 7946 8841 8963 9410 9448 9610 9837 13220 14453 16888 32643
1 2 3 4 6 7 9 11 14 20 21 23 24 25 27 28 32 37 39 40 41 42 43 44 46 48 49 50 51 55 56 57 62 64 69 71 73 77 83 85 86 86 87 88 89 90 92 93 95 97 98 99 101 102 103 104 105 106 107 108 109 110 112 113 114 116 117 118 119 120 121 122 123 125 126 127 128 130 131 132 133 134 135 136 137 138 139 140 141 142 144 145 147 148 151 153 154 155 156 158 159 160 161 171 178 185 189 196 200 201 204 205 206 207 209 210 211 212 215 218 219 220 221 222 226 227 228 229 230 231 232 233 234 235 236 237 240 245 246 247 253 254 255 257 258 259 260 261 262 263 264 265 266 268 269 270 271 272 273 276 278 281 283 290 292 296 297 298 299 301 302 303 304 305 306 307 308 312 313 314 316 321 322 324 325 326 327 328 329 330 331 332 333 334 335 336 337 338 339 342 343 344 345 346 347 348 350 351 352 353 354 355 356 357 358 359 361 362 363 364 365 368 369 370 371 372 373 374 375 376 377 378 379 380 382 392 395 397 398 399 400 401 402 420 421 423 424 425 427 428 430 431 432 434 435 436 438 441 442 443 444 445 446 447 448 449 450 452 453 455 457 458 460 461 464 465 466 467 469 470 472 473 474 480 482 489 491 492 493 494 495 496 497 498 499 504 506 508 510 512 513 521 531 534 537 540 545 546 548 552 555 556 558 559 561 562 563 564 568 573 574 576 578 581 582 583 584 585 587 588 600 602 603 610 625 626 627 628 629 631 632 633 640 644 645 650 652 654 657 658 659 660 661 662 665 666 667 670 674 675 676 677 678 679 680 683 684 685 686 687 688 689 691 692 693 694 695 696 697 699 701 702 703 706 708 709 710 712 713 714 715 717 718 719 720 721 722 725 727 729 730 731 736 737 738 739 740 741 744 747 753 756 759 760 761 762 763 764 765 766 767 768 769 770 771 772 773 774 775 776 777 778 783 784 786 787 788 790 791 792 793 794 795 800 803 804 808 809 810 811 812 814 817 818 819 820 821 822 823 824 825 826 827 829 830 832 834 835 836 837 838 842 845 852 853 855 856 857 858 860 861 862 863 866 867 868 869 870 871 872 874 875 877 878 879 885 886 890 891 897 901 902 903 904 905 908 914 915 916 925 927 930 933 934 938 942 944 945 951 952 953 954 955 960 961 967 968 969 970 978 980 981 982 984 986 987 989 990 991 993 996 997 998 999 1000 1001 1011 1012 1014 1019 1023 1025 1030 1035 1037 1038 1043 1047 1049 1051 1052 1060 1064 1065 1069 1071 1073 1074 1076 1077 1084 1101 1103 1110 1115 1118 1119 1120 1121 1126 1129 1130 1131 1136 1138 1140 1141 1142 1143 1144 1146 1147 1149 1151 1155 1162 1166 1168 1174 1181 1182 1183 1184 1185 1186 1187 1188 1189 1190 1191 1192 1193 1194 1195 1196 1197 1198 1199 1200 1201 1202 1305 1308 1338 1344 1345 1346 1351 1362 1373 1429 1434 1435 1436 1437 1438 1439 1440 1441 1442 1443 1444 1449 1450 1451 1452 1453 1455 1456 1457 1459 1460 1461 1462 1463 1464 1465 1466 1468 1469 1470 1471 1473 1474 1475 1476 1477 1478 1481 1484 1485 1486 1489 1495 1496 1497 1499 1501 1502 1503 1504 1505 1507 1509 1510 1511 1513 1514 1515 1516 1520 1523 1524 1529 1535 1536 1539 1556 1565 1566 1568 1569 1574 1575 1577 1579 1580 1588 1592 1593 1597 1600 1601 1602 1605 1610 1612 1614 1616 1626 1628 1631 1639 1640 1642 1643 1644 1645 1646 1647 1648 1649 1650 1651 1652 1654 1655 1656 1658 1664 1680 1681 1682 1683 1685 1686 1687 1688 1690 1691 1692 1693 1694 1696 1699 1706 1707 1709 1710 1711 1714 1715 1716 1717 1718 1719 1725 1726 1736 1740 1741 1743 1744 1745 1748 1752 1754 1757 1763 1764 1767 1769 1770 1771 1772 1774 1775 1780 1795 1800 1802 1803 1804 1805 1806 1807 1808 1809 1810 1812 1815 1817 1818 1819 1820 1823 1824 1825 1827 1828 1832 1834 1835 1836 1837 1838 1839 1840 1841 1843 1845 1848 1851 1854 1857 1858 1861 1863 1864 1865 1868 1871 1872 1873 1876 1879 1880 1883 1884 1885 1888 1893 1895 1897 1906 1908 1910 1911 1912 1914 1916 1917 1918 1919 1927 1928 1940 1941 1956 1958 1960 1985 1987 1995 1997 2001 2008 2012 2013 2018 2019 2020 2021 2023 2024 2025 2026 2027 2029 2031 2034 2035 2036 2037 2038 2039 2040 2044 2046 2047 2048 2049 2050 2051 2052 2057 2058 2059 2060 2061 2062 2066 2067 2070 2071 2072 2073 2082 2083 2085 2086 2091 2093 2094 2095 2102 2103 2104 2105 2109 2115 2116 2118 2119 2121 2122 2123 2124 2127 2128 2129 2130 2131 2133 2134 2135 2136 2137 2138 2143 2144 2145 2148 2150 2152 2155 2160 2161 2162 2163 2165 2168 2169 2170 2171 2172 2177 2178 2179 2181 2183 2185 2192 2194 2196 2200 2201 2206 2207 2211 2212 2213 2214 2216 2219 2220 2221 2231 2234 2235 2242 2248 2250 2255 2256 2257 2258 2259 2260 2261 2262 2263 2265 2266 2268 2269 2270 2272 2277 2279 2280 2281 2282 2287 2292 2298 2300 2303 2304 2307 2316 2325 2326 2329 2330 2331 2332 2333 2335 2336 2337 2343 2346 2357 2361 2371 2374 2377 2378 2381 2388 2389 2396 2401 2402 2404 2405 2408 2409 2411 2417 2421 2422 2424 2425 2426 2427 2428 2433 2434 2442 2444 2445 2448 2451 2453 2455 2456 2457 2800 2803 2808 2813 2815 2817 2819 2823 2824 2825 2826 2827 2844 2847 2849 2850 2851 2852 2853 2855 2857 2858 2861 2863 2866 2867 2871 2873 2874 2878 2879 2882 2885 2888 2889 2913 2914 2915 2917 2918 2919 2920 2921 2922 2923 2924 2925 2926 2927 2928 2929 2930 2931 2932 2933 2934 2935 2936 2937 2941 2948 2952 2953 2956 2959 2967 2968 2975 2980 2981 2984 2990 2993 2995 3005 3010 3020 3045 3050 3062 3064 3069 3082 3085 3086 3087 3092 3099 3102 3103 3117 3118 3120 3122 3123 3124 3129 3131 3139 3141 3143 3150 3151 3155 3156 3164 3170 3171 3172 3173 3174 3175 3186 3187 3190 3191 3193 3196 3197 3198 3204 3208 3209 3210 3214 3215 3216 3217 3219 3221 3222 3223 3224 3227 3228 3230 3232 3235 3240 3243 3245 3254 3255 3259 3262 3272 3273 3276 3282 3285 3286 3288 3291 3292 3297 3320 3321 3322 3333 3338 3339 3342 3345 3346 3348 3350 3351 3352 3361 3362 3363 3364 3368 3369 3370 3373 3374 3375 3376 3381 3383 3384 3385 3386 3387 3388 3390 3392 3394 3396 3409 3411 3412 3413 3416 3417 3418 3419 3420 3435 3436 3449 3452 3453 3454 3456 3457 3458 3459 3460 3462 3468 3473 3478 3479 3480 3489 3492 3494 3497 3499 3500 3501 3504 3506 3511 3512 3515 3518 3520 3524 3531 3533 3535 3536 3537 3538 3540 3543 3544 3551 3553 3558 3563 3574 3581 3586 3587 3594 3595 3605 3607 3611 3612 3613 3614 3615 3632 3633 3634 3638 3639 3646 3647 3648 3649 3653 3654 3658 3660 3661 3662 3663 3664 3665 3666 3669 3676 3677 3680 3694 3695 3699 3702 3714 3717 3719 3720 3723 3724 3725 3727 3745 3748 3756 3762 3765 3766 3772 3776 3779 3787 3788 3790 3792 3797 3798 3799 3801 3802 3803 3804 3805 3807 3809 3810 3812 3818 3820 3822 3823 3824 3835 3847 3870 3871 3875 3879 3880 3882 3885 3888 3889 3895 3904 3905 3910 3915 3919 3922 3926 3944 3945 3947 3949 3955 3957 3960 3969 3972 3975 3976 3979 3981 3988 3992 4000 4001 4005 4006 4015 4016 4018 4019 4021 4026 4039 4040 4042 4044 4045 4051 4058 4059 4065 4069 4070 4071 4076 4078 4092 4097 4100 4116 4117 4133 4134 4140 4143 4144 4145 4147 4152 4153 4155 4162 4171 4172 4173 4175 4181 4194 4196 4202 4203 4207 4211 4216 4218 4221 4224 4237 4238 4241 4242 4336 4356 4359 4361 4365 4372 4376 4378 4380 4381 4383 4388 4401 4402 4406 4407 4410 4438 4439 4441 4442 4443 4444 4445 4449 4456 4460 4462 4463 4472 4474 4475 4476 4480 4481 4491 4495 4498 4500 4503 4506 4507 4508 4509 4520 4545 4546 4547 4548 4573 4576 4577 4578 4581 4584 4586 4593 4594 4595 4597 4598 4599 4600 4609 4611 4624 4625 4628 4629 4631 4635 4637 4638 4641 4650 4652 4654 4656 4666 4672 4673 4675 4677 4680 4684 4690 4691 4692 4694 4695 4697 4699 4701 4702 4703 4705 4706 4707 4720 4721 4722 4723 4724 4727 4732 4733 4737 4738 4746 4747 4755 4756 4761 4768 4769 4776 4781 4784 4786 4791 4793 4796 4800 4801 4808 4811 4822 4831 4832 4833 4834 4835 4836 4837 4838 4839 4840 4841 4858 4878 4879 4887 4895 4922 4923 4927 4940 4946 4958 4966 4974 4980 4981 4982 4987 4988 4989 4990 5011 5019 5023 5026 5028 5029 5030 5041 5052 5058 5063 5064 5067 5068 5080 5084 5085 5092 5093 5094 5095 5096 5097 5098 5099 5100 5101 5102 5104 5108 5109 5110 5111 5112 5115 5142 5150 5159 5161 5166 5184 5188 5192 5225 5230 5234 5236 5243 5271 5292 5293 5295 5304 5315 5325 5326 5331 5337 5338 5365 5368 5370 5374 5375 5376 5385 5387 5390 5394 5407 5408 5409 5418 5425 5426 5435 5436 5445 5446 5447 5452 5453 5454 5455 5457 5491 5492 5496 5510 5515 5516 5518 5519 5522 5527 5528 5532 5533 5534 5535 5539 5545 5552 5553 5554 5562 5568 5569 5572 5576 5577 5581 5590 5592 5593 5598 5607 5608 5613 5614 5616 5620 5622 5626 5627 5629 5631 5644 5653 5654 5657 5658 5661 5663 5665 5670 5672 5673 5677 5695 5700 5705 5716 5718 5742 5747 5752 5767 5775 5789 5801 5804 5805 5815 5821 5835 5836 5856 5873 5875 5878 5881 5885 5889 5891 5892 5898 5901 5912 5913 5914 5915 5921 5929 5930 5934 5940 5944 5946 5950 5952 5953 5957 5958 5961 5971 5975 5976 5983 5988 5990 5999 6000 6006 6008 6011 6015 6053 6061 6062 6063 6067 6071 6073 6087 6088 6090 6108 6114 6118 6126 6131 6132 6147 6162 6163 6164 6179 6181 6182 6207 6213 6216 6220 6233 6234 6239 6245 6247 6248 6251 6256 6259 6260 6277 6278 6279 6281 6284 6287 6293 6294 6299 6302 6303 6310 6322 6327 6328 6333 6362 6373 6419 6431 6445 6449 6450 6455 6459 6478 6484 6500 6508 6512 6524 6544 6557 6577 6578 6580 6611 6619 6630 6636 6657 6662 6669 6676 6678 6700 6706 6710 6711 6713 6716 6736 6749 6760 6762 6769 6786 6787 6790 6805 6806 6813 6847 6852 6855 6873 6874 6876 6880 6884 6892 6893 6895 6899 6905 6945 6960 6973 6974 6990 6995 7008 7010 7035 7045 7046 7047 7050 7101 7118 7120 7121 7137 7138 7139 7166 7168 7172 7173 7231 7250 7252 7253 7264 7272 7274 7294 7298 7343 7346 7349 7350 7352 7353 7366 7394 7409 7431 7438 7439 7465 7494 7510 7522 7526 7529 7543 7552 7572 7573 7575 7585 7593 7629 7635 7639 7653 7678 7684 7689 7702 7733 7763 7771 7774 7775 7779 7783 7784 7785 7786 7788 7792 7797 7809 7825 7832 7847 7848 7864 7901 7904 7938 7940 7945 7958 7969 7971 7981 7994 8034 8036 8040 8058 8059 8065 8066 8067 8069 8076 8091 8101 8105 8113 8116 8169 8178 8180 8192 8214 8221 8237 8264 8266 8268 8282 8284 8285 8290 8293 8312 8316 8326 8337 8361 8390 8396 8397 8398 8429 8455 8456 8457 8459 8466 8468 8474 8480 8497 8502 8506 8522 8533 8537 8551 8583 8599 8607 8610 8629 8636 8637 8654 8665 8685 8707 8712 8739 8744 8773 8783 8786 8790 8796 8797 8804 8805 8812 8819 8841 8850 8908 8915 8924 8938 8963 8988 8998 9000 9011 9022 9025 9032 9044 9062 9071 9084 9088 9104 9111 9130 9133 9138 9148 9163 9174 9188 9234 9265 9299 9329 9349 9380 9381 9392 9407 9431 9436 9444 9473 9489 9519 9543 9583 9592 9612 9621 9632 9633 9662 9693 9696 9697 9702 9703 9720 9735 9746 9748 9759 9781 9792 9806 9828 9833 9835 9836 9837 9843 9854 9859 9901 9934 9969 10000 10011 10023 10041 10061 10071 10077 10092 10104 10141 10161 10225 10234 10279 10280 10281 10337 10367 10391 10522 10529 10531 10543 10546 10571 10574 10577 10591 10599 10615 10665 10666 10668 10670 10687 10690 10704 10710 10713 10714 10715 10716 10719 10720 10721 10722 10723 10732 10794 10822 10849 10857 10865 10869 10872 10912 10915 10919 10971 10979 10981 11013 11037 11078 11089 11100 11118 11121 11133 11134 11168 11194 11277 11293 11296 11322 11372 11444 11481 11508 11530 11571 11583 11663 11685 11693 11727 11745 11819 11897 11911 11914 11915 11921 11955 11956 11983 11994 11999 12013 12042 12048 12062 12411 12549 12571 12580 12634 12647 12675 12698 12700 12725 12842 12843 12851 12951 12992 13011 13047 13121 13147 13158 13238 13297 13328 13350 13367 13399 13423 13427 13437 13456 13490 13520 13549 13565 13639 13651 13695 13707 13712 13768 13775 13865 13956 13960 13991 14027 14136 14177 14222 14302 14345 14373 14409 14473 14474 14671 14692 14693 14776 14781 14844 14846 14942 14943 14948 15030 15060 15071 15080 15142 15161 15185 15194 15308 15320 15325 15352 15362 15393 15502 15514 15573 15629 15669 15801 15803 15852 15853 15859 15893 15913 16007 16016 16137 16251 16533 16557 16562 16637 16739 16767 16818 16889 16898 17018 17094 17110 17186 17261 17292 17437 17464 17471 17576 17595 17614 17621 17631 17733 17826 17997 18009 18191 18254 18427 18594 18781 18790 18879 18977 18997 19091 19145 19374 19403 19444 19453 19657 19827 19890 20033 20287 20570 20696 21134 21251 21396 21553 21590 21802 21931 22103 22109 22211 22293 22547 22748 23053 23090 23180 23375 23479 23743 23930 24368 24732 25371 26154 26451 26462 27590 27628 28279 28288 28768 29199 29565 29825 30944 31863 33803 38526 39209 39210 39211 39212 39213 39214 39215 39216 39217 39218 39219 39220 39221 39222 39223 39224