1
39
32
39
32
39
39
39
39
39
48
48
39
39
39
39
39
995
662
703
237
7314
2351
5706
3068
6114
1498
6079
2915
2793
10 31
41 48
39 48
39 78
39 41
12091
39 48
13105
39 48
32 39
14386
32 79
39 48
15227
15054
15614
14107
39 388
38 110
39 785
38 170
32 107
10 907
38 110
39 627
39 485
39 104
39 1327
39 5696
48 4034
846 929
39 2103
39 4515
48 1508
269 351
39 3859
48 3635
32 3317
32 1209
11 2900
39 6149
39 1747
475 711
309 825
604 4187
39 48 89
769 1034
392 2749
32 39 48
677 4124
554 1368
135 7453
10 39 48
103 2910
48 12935
48 10448
32 12929
39 12925
32 39 152
1153 1154
38 39 170
8504 8505
5444 9363
4165 9728
39 48 365
505 11703
38 55 123
38 39 170
3312 4157
2232 2843
334 14094
1 48 3006
1404 1417
351 14855
310 13637
38 48 110
2122 4104
38 39 2805
39 208 887
39 48 4441
39 41 1986
48 79 4050
2238 11305
2238 11254
39 271 389
39 48 2326
60 62 1198
6048 14057
39 107 549
39 48 7128
39 48 1146
39 48 1019
7208 10074
32 227 976
4512 15618
477 478 479
39 255 3337
39 438 1561
39 811 5895
39 854 9906
32 36 38 39
41 623 1245
38 110 1288
32 271 2504
48 909 8203
23 48 78 89
32 152 1158
39 855 1146
39 543 5323
32 48 12566
39 48 15832
39 48 65 146
39 3106 5596
39 1146 1424
32 5597 8978
48 2210 9608
18 4052 4405
38 41 48 110
39 3991 8127
38 41 48 110
76 3292 3357
32 1046 7932
38 48 65 110
45 6881 7103
38 39 48 286
32 1311 9235
32 643 12929
48 2395 2899
32 2987 4654
39 565 15618
39 48 504 809
283 3384 5180
39 41 48 2931
39 41 48 1327
32 38 281 785
39 41 48 2026
39 6387 10546
39 1146 12351
48 8137 10771
37 38 39 3569
18 39 310 888
38 39 55 4886
39 67 79 3236
32 2186 10146
48 1415 11966
48 1656 13032
38 39 170 511
39 2958 15832
2351 2688 2689
5717 6094 6566
1698 5973 6143
41 48 177 8576
38 39 170 8941
37 38 286 3181
38 39 47 10785
271 1545 10685
32 36 38 41 47
38 48 281 3535
39 79 225 1960
365 2051 12929
39 475 592 766
39 10860 11692
39 48 338 1353
900 2749 10129
39 48 725 3319
32 39 48 12943
48 694 914 941
38 47 56 13056
32 36 38 39 740
32 39 2785 3279
32 48 1139 2822
32 48 4733 8135
38 110 251 1435
39 41 48 49 338
39 48 1585 2543
1781 4663 10446
260 12524 12611
2775 4388 11270
39 48 2721 4204
161 10912 14098
32 96 2116 5778
36 38 932 13255
32 344 855 1327
2441 4174 12586
39 48 2523 2958
32 38 170 15422
2110 2212 12925
38 170 703 2869
39 372 1049 1578
32 39 41 48 8587
48 425 1163 2838
39 237 855 10119
32 123 242 10787
48 597 1477 2254
38 39 48 170 389
32 175 225 11718
32 60 1543 10491
89 740 1497 6354
39 570 1062 2051
48 685 1083 3345
39 475 3368 5178
39 271 351 14326
103 301 604 2991
39 235 2468 2840
39 48 8388 15618
225 830 1683 4251
12 5252 6088 8226
38 39 41 110 3955
39 1394 3420 3434
38 39 41 110 1545
718 921 1043 4663
39 48 89 271 2238
39 41 48 655 2958
38 39 89 286 7176
38 39 48 170 4622
32 416 1842 10434
48 587 9263 10478
48 2706 3008 3964
39 856 2080 11198
39 3317 6827 9579
32 89 13182 15420
32 39 175 225 271
13008 14990 15680
647 1034 3630 3631
438 2284 2505 2801
38 41 267 371 1678
32 48 79 5271 9546
39 48 65 1962 3964
39 40 152 235 4480
38 110 12126 12148
38 39 281 389 4920
39 1395 2145 10535
338 1870 3368 9145
53 405 10515 11749
39 48 49 225 11804
614 703 1158 10513
645 3304 4307 4920
39 2626 5548 12666
39 161 12943 12951
32 39 48 3021 6892
2380 2381 2382 2383
39 48 213 1062 1991
32 48 235 1112 7130
39 48 789 1517 3246
10 48 961 2056 9819
39 41 921 1146 4843
38 39 110 1590 3553
38 39 48 79 286 389
1497 3078 4767 5931
39 79 150 1543 2080
32 39 48 1146 14098
38 1188 14386 14408
48 1987 14669 14670
39 48 170 1188 3361
36 38 39 48 301 533
237 1986 4556 10630
39 65 255 3774 7590
18 2025 10423 15832
32 39 1745 1960 1961
39 246 831 2464 6293
16 32 4010 5575 8271
48 161 249 2449 4392
36 38 39 41 365 6693
39 65 604 7068 10017
41 48 954 5838 10470
31 401 569 1743 2626
772 1242 11759 13348
36 38 1146 1820 5228
32 48 2379 2746 3504
1090 1286 3105 14515
39 48 1173 2351 4899
48 338 750 2116 9214
48 564 768 2767 4468
38 47 48 79 123 2117
2208 2868 3523 10555
32 39 370 495 819 913
39 979 2719 2894 7482
39 208 1028 1327 3408
32 39 48 153 831 4441
32 39 3570 8014 10139
41 48 1026 2634 10474
36 38 2592 5289 10446
39 423 1897 4080 7068
48 907 1994 3035 3163
2812 3774 10821 11136
39 48 2785 8203 13970
32 186 1990 2383 2437
39 919 1793 2492 4981
39 225 660 1930 13079
10 147 251 5769 13443
32 39 1052 7124 13041
39 961 1324 3451 7975
58 1674 2015 2212 3945
48 1480 2046 3273 7726
39 41 48 598 1659 1956
199 769 1327 2749 4342
39 41 48 83 3824 10095
39 379 1216 1327 10440
48 2269 3663 3664 7646
39 2130 4587 6246 7106
65 2873 2914 3194 4552
38 39 48 390 5074 5722
32 1046 2187 4060 6443
38 170 4237 9586 11154
39 48 1739 10910 11064
39 48 101 421 662 1135
39 79 1866 15414 15423
175 270 271 3189 13041
39 907 2184 2188 12925
38 48 170 694 3659 4533
39 228 271 334 792 4896
928 2225 3065 3202 3501
39 41 334 740 5362 5946
272 1713 2631 2879 3236
147 1141 2505 4294 7252
39 41 445 525 3171 9906
39 84 188 213 1316 3565
38 39 48 170 1002 13032
39 438 1805 13281 13805
39 48 246 267 3276 6461
39 48 177 265 6003 7453
39 48 475 522 2254 6387
39 225 5152 10424 11499
48 60 589 768 4890 5059
31 39 48 651 1054 10423
38 39 170 3394 3523 3524
1072 1556 1630 4985 5823
39 48 956 3928 8778 8779
32 39 780 1938 2421 4545
39 1327 5494 10425 10604
32 48 548 2437 3552 8192
30 31 48 2187 4628 10605
32 39 48 5122 5487 11644
48 270 527 536 2130 4798
39 3551 5370 10444 10656
39 89 357 4037 4433 5207
36 38 39 48 89 110 12984
36 38 161 806 1355 14542
39 48 660 1924 2026 3638
38 2805 4996 15036 15609
39 48 420 993 1439 10943
40 234 274 1671 1796 2472
48 301 783 1808 3553 4940
39 70 1004 1361 2186 4345
424 441 444 885 6358 9214
41 286 911 1727 2241 9203
41 48 1899 2430 4779 9001
38 41 65 105 892 993 2625
36 38 384 1831 4386 12059
32 48 103 677 10555 13578
36 38 39 48 237 2364 9964
39 79 251 551 10491 12963
883 3912 4357 10535 14068
38 170 423 5429 6536 8608
39 48 544 1282 5382 13089
37 38 39 123 570 795 5861
39 237 452 651 3502 15832
48 796 1156 1870 4709 4710
39 896 1578 4372 6076 7947
37 38 48 201 525 2839 6709
32 41 48 256 345 425 10129
66 85 1327 2907 6737 11571
39 225 1939 4804 8352 9969
38 237 2805 3324 4051 7646
39 48 1527 4105 4723 13322
32 39 48 535 740 4451 6949
32 797 1107 1384 4340 7988
38 110 367 3125 3149 14827
32 270 271 279 12951 14942
39 48 548 1055 10653 11039
32 38 170 2843 12929 13041
161 162 163 164 165 166 167
35 48 65 438 3531 3841 6787
39 41 48 824 1508 2650 5841
39 48 334 336 337 2629 3418
48 533 604 1343 10106 10170
3553 9001 10728 11380 11442
1588 7912 10122 10830 10914
39 1542 1838 1929 4279 4613
38 39 48 170 1043 1670 3609
39 79 1761 3269 13192 13543
39 1146 1284 2910 3616 5122
39 48 1996 3361 13690 14864
48 2980 4550 4642 5849 6841
32 812 1046 5640 8418 10656
39 41 4421 8872 12932 15832
38 39 170 570 1463 1464 2394
39 48 89 1665 3428 5248 5343
41 48 533 703 1061 2049 2569
39 41 48 1768 3435 5688 6266
39 48 413 783 1327 1837 2876
39 41 117 734 1907 2219 7330
32 39 48 151 2329 4525 10491
38 39 170 225 1991 2247 4371
39 64 535 751 1020 3638 3800
32 45 255 314 1046 1661 9540
39 1866 2837 3149 4105 13443
38 39 56 242 6118 8691 12933
48 1317 1393 2767 6520 12048
39 444 1282 2383 13739 15140
32 48 65 267 2468 7234 15832
36 38 39 41 110 495 1463 1464
32 39 454 1146 1667 3006 3616
48 60 604 1130 2822 3171 3323
32 39 48 89 208 772 2053 8973
237 725 1744 5169 10501 10562
39 48 386 552 2351 3392 10261
38 55 170 438 2110 4069 10546
32 774 845 990 1046 2702 5257
39 48 865 1958 2552 3263 4278
48 147 753 755 1987 2162 5062
48 65 909 1004 1771 2095 2115
39 48 379 1790 2393 2830 4895
39 48 163 205 4279 6643 12933
36 38 39 79 11116 12929 13041
39 589 1145 15994 16010 16011
123 347 543 916 1140 2387 3532
38 39 41 48 286 4538 6750 8024
48 60 89 324 325 475 1867 6405
39 2388 2915 10575 10855 10856
38 39 48 251 286 856 2720 8372
41 48 248 388 6746 10420 10525
1199 3199 3701 6057 7883 11793
38 533 840 864 2554 2805 14386
39 258 286 685 1103 1619 12775
48 441 756 956 1619 3711 15094
39 48 89 265 12552 15419 15420
38 39 48 97 286 740 1466 13041
39 2284 8978 12982 16010 16011
48 978 1131 1198 2344 5992 6514
48 890 1562 2695 2721 3161 8799
39 48 486 829 848 956 2469 9664
39 41 48 225 267 488 1986 10684
48 464 664 2138 2326 6593 12100
39 41 48 272 315 1004 1214 2186
38 39 65 295 370 445 3458 11471
48 234 765 1319 1376 4382 10911
48 89 269 463 789 979 1348 2919
39 405 808 3324 4580 5797 11114
32 39 1045 4658 5406 7193 10766
32 48 1836 1986 2505 5164 10175
250 2191 2210 11060 11786 14641
41 48 251 477 959 1585 1991 2239
39 41 48 645 1327 1659 1666 3149
48 1676 2212 2415 3394 5489 9197
39 41 48 185 1344 1956 2199 4698
39 41 2989 3128 6999 10514 11406
11 39 76 489 677 2385 5873 10692
310 413 640 1776 3533 7938 12280
39 48 65 227 1929 2958 4718 5051
38 105 1184 1317 3510 8585 13122
32 39 48 222 310 1424 3988 12935
38 39 1307 1590 2665 10515 13052
39 48 49 612 2880 2958 5232 9605
39 413 928 1210 6895 12332 13041
38 39 56 101 1426 1615 2856 4110
41 48 438 538 1580 1634 5433 6382
41 48 266 960 1073 1344 1424 8895
39 48 246 716 1625 2187 2867 7282
235 2468 2743 2946 3800 4129 4382
39 41 308 334 824 1379 6408 10443
38 39 41 840 1410 2210 2438 10456
39 48 101 430 783 2792 3855 10910
39 48 78 89 310 408 704 3538 5594
32 39 185 475 865 1281 1327 10796
15 39 48 418 1027 1085 6722 12946
39 225 567 697 791 1929 2097 2626
32 38 39 41 48 110 694 9265 12925
271 421 757 824 11254 16010 16011
48 101 478 552 1010 3980 5028 5360
39 48 65 215 271 437 511 5958 6310
41 103 503 547 1001 1279 3086 6128
39 222 552 846 903 1677 4698 10868
39 314 351 412 719 5269 6128 12050
39 497 3771 4174 10428 10594 12594
32 38 39 48 229 371 1352 1498 7895
103 246 1948 4813 5481 10487 14102
32 36 38 39 48 570 2328 7817 10674
39 48 102 152 237 5356 10484 14833
31 1421 2370 5178 5914 14636 15260
48 271 421 533 703 1693 3172 15345
32 48 310 865 1697 3604 5476 13150
39 156 856 1877 1883 3195 3253 4791
39 41 48 79 271 1121 1282 2126 4386
41 48 1198 2505 2855 3313 4174 6358
39 41 45 48 79 319 1768 10132 10653
39 60 404 1081 2312 3317 3808 11067
39 41 48 53 522 2127 3142 3336 5790
39 48 77 259 475 878 1697 4685 4798
89 264 573 839 1004 1209 3324 14386
271 1003 1012 2120 2464 11467 12945
32 39 48 79 225 1655 3318 5081 5859
32 39 48 101 237 589 1250 2471 4630
39 41 740 1144 1185 4066 5304 12943
185 186 614 1980 2358 2833 2834 2835
83 242 1000 1147 1659 2399 3407 4461
38 39 48 790 823 1783 4908 5797 8325
37 38 39 41 2129 2723 2804 4592 9617
38 48 97 234 237 1188 1244 1345 3903
23 39 65 89 220 1381 6190 9843 11754
38 39 47 225 10611 12027 12048 12168
37 38 48 237 310 522 1282 3279 12607
2269 2528 3467 7027 8046 10515 13420
32 152 1630 3198 3413 6069 6095 6956
39 452 592 1360 2631 9151 9879 15306
929 1138 2802 4563 10515 13041 15126
267 1697 2344 3351 10897 14933 16010
39 41 48 144 1179 1257 1748 4563 6894
41 48 89 317 1317 2393 7671 8525 8978
36 38 48 175 806 1146 4318 5322 10179
1931 2740 7014 8691 11079 11140 11704
39 41 375 379 408 1549 1919 2316 5937
36 38 89 345 569 2575 4771 6340 10210
32 39 48 237 583 2064 4504 8985 10538
19 37 38 39 48 286 438 5596 7694 9579
1629 2259 2841 6466 12925 13189 14248
39 48 79 445 1146 2536 2869 3941 5557
48 166 1004 1533 2958 3021 4357 10683
38 55 845 986 2728 2920 3956 3957 3958
66 123 234 536 861 1282 2166 2786 3240
32 79 431 910 2810 2846 2958 4536 9593
39 48 65 211 249 432 529 664 2590 9579
39 41 48 68 488 770 910 1853 2674 2879
38 55 330 599 712 1075 1345 2851 12773
39 48 740 824 1786 2004 2958 3096 5801
39 48 89 640 1530 3487 5405 7118 11074
18 38 39 48 110 544 581 1494 4351 5074
39 48 101 155 425 2800 3569 4270 15345
39 48 237 334 711 4770 6728 7743 15832
39 90 338 1329 1986 2034 4019 5624 6178
39 48 830 1138 2202 2431 2762 3570 4685
41 147 237 420 730 739 740 913 947 1043
41 1548 1919 2193 2629 7393 10980 11016
39 48 740 1135 2152 2958 3076 3623 3676
18 37 38 39 41 153 5060 5436 7058 10447
30 36 38 39 78 170 2046 2554 4642 13462
39 279 346 547 549 2376 5915 7110 14533
10 39 48 179 338 548 824 1513 4195 7683
32 48 68 565 783 806 824 1394 1930 6692
48 175 225 550 958 1249 2896 7819 10699
39 1395 2210 2357 4779 5520 15618 16010
39 41 48 65 475 1689 1859 3409 4953 5775
39 48 52 639 788 824 1897 3966 5026 9470
39 41 475 1354 2225 3780 4195 5781 10467
39 48 64 156 249 547 2480 6241 6409 7908
48 423 860 1172 1415 1872 1931 4050 8556
37 38 39 246 279 534 581 1600 2524 12925
32 38 39 48 110 928 2115 3265 4945 13552
39 48 65 69 7129 11170 12959 13112 13113
45 533 4227 6232 10674 11051 11564 14374
39 48 249 653 1020 2103 6136 13182 13334
39 220 4401 4532 10485 12931 12943 15690
38 139 1135 1146 1529 2728 3616 4939 5758
39 41 69 71 201 259 486 603 812 1020 1616
39 41 76 80 2324 2332 2343 2425 4141 6105
38 48 105 248 695 729 812 2012 3312 10513
39 41 48 102 497 910 1741 2417 2909 10470
38 48 164 165 229 286 343 1280 3333 11699
39 48 175 225 570 680 2345 2749 3271 4024
36 38 39 48 176 675 1158 2965 14809 14833
23 39 48 225 267 1393 1513 2259 3799 4975
39 48 89 1693 1884 2843 13041 15492 15578
36 38 39 48 84 110 2061 13601 14465 16010
39 234 236 242 740 865 1983 2656 2661 7054
39 41 447 947 957 1111 1425 2544 3827 5405
39 48 341 750 928 1336 1395 3181 6675 8135
39 48 384 833 879 1110 1246 1604 2115 3877
32 415 704 740 807 878 1598 2573 3447 5047
89 244 334 350 533 927 2079 2389 6737 9530
48 399 3719 4215 4393 4424 4548 5027 12943
32 38 39 78 840 1933 2612 2874 11318 15039
32 39 48 424 533 942 3294 4285 13035 14652
48 338 812 2382 2631 2810 3551 11460 13536
39 41 48 1585 1613 3270 3436 3676 4325 4763
9 48 856 1131 2272 2389 2567 3499 4198 5127
39 71 408 527 531 1444 3125 7068 8054 10444
32 38 48 84 89 170 861 2284 2505 3338 10259
2 39 48 570 740 753 831 1962 4510 7497 7871
32 185 583 1987 3510 4460 13586 14024 14038
39 48 54 213 269 1714 2855 9879 12278 13141
39 501 533 1146 2624 6507 13052 13313 13443
32 39 48 712 1600 1986 4177 4891 6880 14098
39 41 48 195 558 1309 2441 5800 10420 10490
48 66 857 2216 2428 3051 3412 4096 4467 5512
32 45 544 1046 1081 1135 2412 2863 4939 6516
32 39 48 89 567 791 1360 1604 1733 1804 4522
32 39 48 392 402 549 673 1067 1344 4524 5641
39 41 48 1002 1135 1146 2754 8193 9015 12676
19 39 475 711 1126 1542 3321 3502 4719 14005
9 32 116 168 384 691 959 2109 2186 3668 5848
32 48 104 237 1045 4524 4872 5048 6734 14367
39 48 101 147 627 2015 2191 2909 10543 15466
39 48 249 270 271 1393 1540 2097 16010 16011
178 267 270 913 1026 1578 2225 2276 3993 6575
32 39 43 48 861 1755 2015 3179 3248 4822 9501
511 874 1282 4472 7712 9724 10606 10637 10879
39 41 52 60 211 433 3623 3762 6037 9644 10951
39 48 89 830 1393 1509 3569 10441 10831 13235
215 271 1479 1700 5468 5778 11937 12304 13837
96 401 500 703 812 1497 2352 7279 10453 13060
48 234 244 405 885 2967 5782 6256 10551 14957
39 48 69 136 150 301 548 767 7129 15578 15791
62 575 1434 1833 2320 2919 5198 5390 5391 5392
22 32 48 338 768 1711 4010 6060 6696 6791 7624
41 48 78 270 851 1229 1249 1807 1951 9617 9664
39 824 1000 1425 1989 2090 2458 3270 4813 5765
38 41 48 387 426 1529 2233 3579 4176 5080 6099
30 32 38 39 48 261 370 446 907 3158 8691 13115
32 48 79 255 734 1355 2254 2573 2721 4004 6401
39 225 857 1093 1385 1736 3259 3318 9420 15016
39 48 812 1282 1698 2822 5248 5767 10444 11600
39 48 576 589 1316 6007 7100 10446 14913 14954
32 39 159 161 453 1613 1616 2420 3968 4982 5246
39 2224 2277 2570 2927 3049 3451 3928 4200 7429
41 48 65 270 271 511 4357 5977 8043 10491 11082
32 39 48 420 1161 1393 1640 1670 2820 2876 6855
32 38 39 48 227 308 371 740 1079 1080 1269 1380
32 60 65 413 479 677 1477 2492 3335 10214 14565
32 38 39 48 49 281 286 1020 1257 2015 2129 2837
32 39 48 80 1404 1435 2054 3316 4386 6255 12858
345 464 789 824 1698 2199 2893 2902 10796 13549
39 438 769 856 958 1034 1096 1729 2313 3465 6359
32 39 213 831 1046 1066 1146 3315 4113 4387 6040
41 88 301 446 1903 2415 2685 3350 4195 4891 9852
147 175 178 270 806 842 1026 1355 2238 2406 2991
38 56 101 414 426 529 1068 2287 3272 11660 11690
39 664 1794 5583 6138 6696 8343 8492 10821 12254
38 39 48 105 255 270 271 592 1257 1282 5362 6737
31 38 39 110 694 1813 2926 3034 9203 10214 12925
33 206 409 1066 1656 5172 6970 11163 15582 15832
39 48 225 1020 2238 2840 3530 3531 4188 4484 7495
38 48 866 1727 2279 2495 2505 2805 5179 5445 7275
39 41 48 2415 2620 2983 4215 5503 6453 7913 11017
438 759 830 1192 1897 2463 2789 10804 11224 11922
48 1244 2492 2834 2872 3161 6520 7451 10448 10651
32 48 2129 2283 5470 8015 10425 12969 13189 14374
31 48 213 1092 1650 2036 2168 2209 2313 3509 7010
39 48 103 534 1489 2749 3037 4237 5089 9586 13084
32 39 425 563 1310 2394 5605 6403 9577 9608 12201
123 237 478 770 1702 1994 2561 4017 4580 5641 6784
38 39 41 370 662 781 2440 3067 5297 9026 9093 9447
37 38 39 48 96 368 426 570 649 1872 2168 3358 8691
32 38 39 41 48 151 220 504 533 1938 2058 3721 4278
39 48 193 225 271 272 909 1361 1942 6061 9555 9569
39 48 297 441 1113 2775 5091 5885 6398 10491 10551
36 38 39 48 78 178 1537 3272 4883 9843 11718 13043
39 48 824 1135 1313 2118 2687 3532 3742 6692 13318
48 266 1118 1854 2420 5432 10444 10515 11469 14929
384 783 865 1397 1929 2983 2990 3693 4131 5360 8427
39 41 48 89 237 547 548 549 589 2011 2436 2818 3559
36 38 39 41 48 147 225 453 2599 3026 4720 5740 7611
38 39 110 396 475 533 1000 1318 1814 3581 4332 4340
38 101 147 1020 2186 2597 3005 3174 4001 5989 14313
32 38 249 281 539 705 981 1144 1277 2380 3839 14873
48 103 225 434 703 708 833 1067 1867 2437 2523 9579
11 32 38 39 41 147 170 269 1557 1602 2391 2597 3240
32 39 742 861 996 1044 3488 3801 3946 4325 6485 7347
38 41 110 175 535 1026 1561 1683 2239 2450 6709 6965
38 41 281 2610 4510 5603 5960 6432 10449 10741 12064
48 209 552 597 1260 2504 2592 2709 10074 11491 13539
169 201 310 489 2263 2563 2775 3793 5185 12952 14484
48 77 499 548 3926 4984 5970 10425 10568 15032 15033
38 39 48 49 255 371 580 684 1534 2084 3257 4000 9621
23 32 39 41 43 48 2490 2769 2968 4806 7166 8654 8978
155 589 623 703 816 885 1198 1361 1896 2599 3966 7205
32 39 41 48 53 89 123 573 675 812 1425 2406 2631 7964
0 32 39 41 48 264 270 549 768 961 1198 1237 1679 5465
89 392 483 1403 1497 2069 3391 5248 10901 11845 12921
39 65 270 271 549 728 1332 2051 4525 8985 10444 14098
39 48 310 424 958 1043 1513 1619 1783 2091 2383 12935
39 66 533 1021 1107 5628 5788 10572 13430 13510 15145
156 423 892 2606 3067 3361 4171 6795 8679 16010 16011
48 161 237 366 1121 1130 1315 1978 2267 2920 4201 7408
38 39 41 56 613 898 2263 2344 3088 4985 7185 9026 9501
32 39 405 421 696 698 699 812 921 2080 2837 4105 11039
65 271 954 1393 1479 4048 5700 10515 13513 13721 13757
39 48 1578 2984 3026 3993 9512 12943 14205 14248 14738
393 583 1185 1557 2135 2201 2343 5487 5851 12946 14347
48 237 319 320 389 1459 2910 2911 3324 3642 7646 15879
39 48 435 570 612 740 975 1786 2103 3826 4131 6034 7649
39 41 48 75 331 1049 1197 1569 1578 1591 2962 4940 9660
39 48 79 147 161 621 653 1004 1146 2011 4263 8691 11633
48 392 420 564 793 849 1031 1659 3332 10704 11746 12594
39 48 227 593 768 1361 5162 7989 9304 10923 11560 11840
38 39 48 69 264 790 1072 1281 1525 1543 1557 8830 14831
32 44 48 1482 2721 3535 3537 3551 4512 6196 12980 13318
32 48 103 279 1120 1307 1876 2425 3278 5489 11165 15036
48 812 1214 1829 2225 2630 2912 4142 5888 5927 7027 8505
39 41 48 237 975 1049 1146 1172 3855 5269 5314 5775 7768
37 38 41 48 76 89 415 592 2079 2820 3808 6466 6593 10442
48 78 98 179 518 639 1515 1714 2493 4615 7585 9555 13464
38 170 209 648 1686 1842 2327 3080 5671 6975 12925 13034
48 185 762 793 1811 2523 2639 3106 4037 7905 13089 14550
39 41 117 651 976 1693 3614 4344 10370 10515 12721 12959
39 41 48 89 237 256 489 571 1104 1665 2098 3462 4133 4481
39 41 48 276 1034 1536 2245 2489 2573 2623 2873 4209 5736
39 48 386 438 570 914 1048 1785 2242 2344 3253 5606 10685
94 226 846 1060 2154 2491 2555 3412 3664 4001 10515 13064
39 48 372 438 938 2792 2902 3136 3866 3896 4094 5848 9261
39 48 89 740 932 1814 1874 2389 3106 4610 5164 6202 10487
38 48 281 1020 1407 2990 2994 3293 3977 13041 13318 15411
39 41 48 94 117 248 976 1244 1280 1517 1564 2424 4143 5505
32 237 274 681 694 1043 2080 2468 2588 3136 4170 7594 8458
39 479 898 1290 1678 2388 7758 7891 8257 11643 11820 12023
39 48 203 615 731 1146 1628 1772 2051 2866 4582 4798 10568
32 48 101 123 622 677 1305 2237 2958 5186 5315 10653 12981
38 39 48 78 89 105 1578 1877 2099 2476 2505 2800 3248 5072
12 67 235 249 259 762 824 1428 1527 2241 11807 13051 15832
38 39 48 55 885 979 1135 1161 1831 2061 4908 4919 5591 7589
10 38 48 170 237 249 641 846 1043 4836 5160 6607 8559 10719
38 39 48 147 229 1440 1727 1987 2395 2708 11539 11904 12458
12 19 32 48 65 109 396 522 772 789 1001 1486 3312 4698 6508
7 38 39 48 110 398 719 1166 2049 3194 7868 9180 10653 14753
39 48 49 179 979 2544 3270 3368 3496 6722 13062 13189 15385
39 48 136 185 547 2061 2118 2166 3432 3903 5074 13602 15994
32 39 48 101 675 812 1652 2591 3947 4143 4348 4562 5178 5633
36 38 39 41 48 101 123 264 479 783 1548 2399 2408 3447 10446
39 48 392 675 1620 1635 2965 4890 5036 6413 6609 10430 10568
38 48 67 170 809 2505 3016 4365 5790 11237 13113 13189 13203
38 39 45 48 229 1191 1520 2223 2851 3160 3814 4090 4588 5108
36 38 39 41 170 533 1146 1288 2556 2805 2892 3012 8990 14060
38 48 170 498 740 866 1360 1370 1699 2554 5281 6419 7050 7118
39 48 103 200 264 856 1209 1568 2811 4056 5194 7481 9381 9669
18 32 36 38 39 65 535 1027 1141 1831 1951 2701 2820 3742 4277
12 48 89 147 186 543 1303 1404 1702 1971 1993 6814 9555 11512
15 38 39 282 449 573 591 1188 3451 4340 4480 5194 10943 14098
39 271 423 1393 2238 2874 3733 4708 4940 5892 6758 7317 10484
23 39 81 117 248 374 511 570 723 1198 2109 3663 3664 4011 6219
39 48 220 475 514 1814 2052 2103 2892 2896 4336 5663 8135 9627
38 39 48 105 237 269 279 286 319 697 4297 5874 6530 9001 10821
38 39 48 269 281 793 1368 2787 3662 4316 5041 6173 11672 12869
18 32 39 48 533 2269 2891 3294 4266 4801 5171 8973 12925 14513
39 48 438 757 1715 2137 4127 4221 5481 10815 10980 11191 14656
31 32 38 39 40 55 102 189 236 237 1570 1578 1741 3400 4737 5020
39 458 501 910 956 1052 1295 1810 1986 3502 4285 4288 4339 5236
39 41 48 89 228 272 522 610 903 1031 1166 2191 9144 10611 12011
32 39 48 58 789 913 1308 1327 2046 3840 10656 10897 11531 13589
1 36 48 82 168 420 441 817 2596 4410 5948 6840 8481 12473 14098
39 48 164 501 682 727 789 897 956 1390 1393 1872 2856 4975 5388
71 408 730 811 874 1281 2763 2801 5299 8160 8161 8181 8608 9669
23 38 39 41 48 101 170 458 581 989 1010 1013 1612 2417 4368 6571
65 101 258 291 1999 2080 2360 2893 2983 3551 4336 4397 5924 6830
324 396 583 1103 1404 2243 3774 5137 5735 7481 12070 12980 13367
32 39 48 186 441 463 565 581 675 1191 3358 4123 5593 11702 12775
48 65 649 865 1884 2323 2539 3968 4968 5556 7256 7735 7753 14099
39 449 766 887 1003 1012 3229 5158 10491 11432 15981 16010 16011
69 81 117 337 583 793 967 1060 1381 2135 2880 4389 6219 6614 9169
32 48 101 126 293 310 846 1123 2119 2778 2800 4339 4859 6006 6607
39 48 53 65 345 424 426 1698 1797 1973 3502 4536 6728 12929 13182
38 39 110 345 451 660 763 1247 1393 1976 1993 2080 2379 2399 4976
10 32 38 39 55 191 389 1479 1827 2663 3783 6603 11276 13174 15284
39 53 178 237 475 814 3130 3896 5651 8910 10423 13052 13174 15832
269 352 961 1446 1494 1497 1498 1578 1859 2633 3677 5307 5841 8043
9 23 39 48 246 255 481 812 1000 1040 1219 1489 1911 2796 2966 5112
32 39 1578 1771 2635 4365 7728 12957 13092 13123 13215 13216 13217
39 267 740 2223 3058 3059 4524 4567 4648 5502 6076 6140 8269 12981
39 48 60 82 421 538 681 771 849 1024 1725 2193 2792 3849 5172 5178
39 910 956 1239 1343 1611 1752 2540 3270 4362 6497 6999 8904 15985
9 18 39 41 48 89 189 384 409 783 1093 1198 1218 1966 4336 4793 5133
48 209 255 1012 2527 7975 10505 10605 10751 10819 10910 11074 11110
32 38 39 53 105 147 251 914 935 1433 1475 2467 2573 4347 4920 11200
39 48 76 159 279 875 1010 1470 2259 2635 3202 4771 6263 12713 13197
32 39 48 389 464 1165 2117 2749 3435 3875 4571 4928 4940 5915 10444
32 48 209 441 677 947 1066 1159 1646 1867 2632 3160 3315 5172 15832
38 39 60 116 170 264 286 865 1019 1158 1198 1275 2510 2590 4535 8978
22 39 48 102 307 391 831 887 1657 2677 4166 4776 5083 5546 6492 9348
38 39 48 220 281 441 712 736 752 1979 2002 3571 4123 5982 6161 12959
39 48 808 1895 2235 2408 3270 4563 5496 8860 10515 14051 14849 14873
39 41 83 809 1481 2814 2820 2855 3206 3808 5356 6105 6309 6882 12566
38 39 41 48 80 101 169 170 250 560 1059 1227 2792 4307 5064 7336 7912
39 106 259 403 926 1022 2154 3539 4032 4142 4525 5771 6340 8760 10604
23 32 38 39 405 653 727 1085 1590 2652 2737 3696 4144 5104 7334 10607
38 39 48 105 133 170 319 984 1286 1319 3006 5257 5928 7047 9843 12963
39 60 310 408 2015 2441 2456 3109 3279 3933 4080 4445 5322 7100 12267
36 38 39 173 426 740 1048 1176 1908 2024 3486 4054 4447 4486 4990 6029
41 48 100 179 259 422 1146 1871 2506 3500 4216 10424 10440 10441 10542
18 312 346 432 529 604 675 846 1214 2546 2763 2797 4293 5102 5104 5872
48 793 2276 2801 4444 4896 5493 7631 8551 9336 12693 12939 13443 14062
39 48 220 222 235 357 413 770 792 1004 1479 2080 3268 4779 10978 13189
32 39 41 48 237 272 425 488 749 1103 1161 1624 1652 1766 1804 2437 4903
48 275 1004 1061 2932 3175 3349 3635 3772 4057 4215 4981 6453 7714 7913
41 89 458 500 555 589 798 1183 1361 1698 2952 2987 3163 3636 5328 10362
38 48 250 493 1188 1265 2892 3337 3559 4032 7518 7744 10027 10627 11087
39 48 49 169 186 571 857 1126 1311 1503 2506 2612 5712 9766 13032 15180
39 41 48 80 111 163 185 267 1344 2505 2673 2848 3270 3891 4094 4193 4560
38 41 60 61 91 764 987 1093 1275 1529 2117 2283 3767 4337 4560 5828 8332
32 39 48 908 909 2794 3055 3436 3604 4004 4058 4734 5339 5647 6760 10536
32 39 78 285 310 543 810 1215 1703 2164 3109 9304 9994 10515 10551 11058
48 150 269 270 368 708 772 830 1144 2955 3410 5344 7177 9617 12933 13334
41 92 535 558 1016 1017 1393 1853 2124 2327 4189 4336 4829 4908 4969 5935
48 80 189 438 544 603 753 924 973 1172 1697 1785 1939 2154 2271 5517 9555
39 310 915 1852 2363 3793 3811 4580 4877 5015 6210 9123 10598 12825 13509
10 39 486 618 963 1146 1195 1478 3520 4739 4913 6173 6359 6726 6752 10656
23 39 48 266 290 809 1066 2177 2439 2673 3006 4466 8287 15159 15345 15809
23 39 41 48 89 197 201 321 397 475 2168 2541 3083 3604 3663 5142 5248 5314
9 39 41 48 136 365 425 548 587 838 996 1064 1067 1591 1772 2015 5442 11009
32 39 48 65 76 264 310 571 914 1239 2059 7871 9501 10017 10132 10420 10446
39 48 49 66 1135 1498 2638 3875 4189 4432 5070 5601 7865 10943 11007 11208
39 48 193 225 413 604 1146 1867 2837 3616 4187 5869 6309 10629 13103 13189
38 41 48 182 790 855 1710 1846 1956 2186 2933 4251 4402 4718 6794 6841 8192
39 48 278 425 723 1082 1134 1158 1551 1901 2721 2874 8229 10268 11432 11440
9 48 2284 2951 3047 3402 4989 5594 7598 10451 10523 11103 12050 12060 14031
32 39 48 334 798 1060 1358 1425 1773 1948 1964 2987 12946 13032 13543 14006
10 32 39 101 258 525 1886 2513 6142 8231 9685 14248 15141 15585 16010 16011
10 39 41 48 65 101 464 755 1086 1113 1155 2168 2468 2552 5047 6276 6803 7438
39 48 219 237 249 932 966 1368 1403 3074 3434 3783 4774 4839 4879 8698 12247
39 48 552 1123 1670 2182 3270 3420 4029 4297 4761 4879 6230 8881 12547 13184
10 32 39 48 89 152 248 407 417 1578 1704 2233 2544 2891 5892 7603 9665 13106
39 48 225 475 1986 2238 5244 12959 13602 13603 13615 13616 15289 16010 16011
39 128 200 225 271 448 1143 1938 2238 2436 2647 2673 3194 3570 3867 4386 8661
41 48 237 388 486 522 592 1360 1576 1853 2778 2782 2851 3446 4057 12491 12634
164 167 408 531 1357 1422 2573 2648 2924 3271 3345 3774 3962 4700 10442 12308
39 48 79 175 668 878 1693 2015 2749 3520 4000 4344 4764 4899 9001 13041 15605
155 576 834 866 931 966 1073 1275 1371 1387 1976 2375 3361 3483 5233 7548 8831
39 41 48 164 166 204 682 684 803 903 1184 1814 2051 2187 4116 4230 10487 11476
39 259 297 308 309 374 398 449 536 544 563 829 1269 1281 3333 4389 11598 14279
32 39 48 261 425 1066 1275 2574 3431 11768 12946 12959 13068 13313 13604 15257
48 59 161 573 707 713 986 989 1267 1631 2062 2617 3992 4019 4208 4464 4685 4686
2 38 39 41 48 110 488 543 664 855 947 1440 3851 4217 5183 5993 6155 10527 10528
32 38 48 49 105 389 703 907 919 1004 1360 1498 4189 5057 9541 10943 11794 12921
48 867 943 1694 1709 2495 2746 2915 4237 4643 7849 9632 13043 14634 14804 15108
32 39 48 126 606 809 1327 1592 1655 2177 2378 2701 2919 2920 2921 2922 2923 2924
11 19 39 91 292 310 411 517 594 973 1127 1387 1956 2054 2566 5570 6309 7284 9501
10 39 48 89 248 310 704 1027 1294 1308 1987 2182 2187 4770 5210 6728 10656 10868
30 38 39 288 390 793 824 878 976 1677 2746 3733 5074 6744 7714 12952 13046 14641
39 41 48 89 123 269 408 911 1082 1513 1591 2212 2374 2389 5405 10908 15444 15835
39 41 101 340 497 589 722 1140 1254 2019 2654 3068 3159 3508 5852 6052 7811 10004
38 48 49 370 548 549 725 1067 1495 1994 2301 2623 2873 2874 4209 4502 12677 12961
39 96 246 255 388 708 831 1629 1714 1808 1930 4215 5510 6387 6453 7625 8985 12858
39 48 409 766 803 1158 1397 1562 2091 2117 2569 3160 3441 3597 4069 5624 5936 6897
32 62 101 124 649 929 1387 2559 2623 2814 2874 2940 4209 4816 4936 5638 7763 10696
38 39 48 65 168 170 261 264 407 413 1066 1598 2053 2889 4630 5439 8128 10670 14138
9 48 101 604 766 809 968 1815 2027 2115 2977 3422 4448 5074 6377 10129 14099 15406
48 60 310 408 1113 1344 1422 1715 1741 2325 2344 2976 3708 3840 3925 5182 7303 7304
26 32 39 48 186 395 490 571 592 808 1042 1879 1986 3553 5213 6630 10611 10753 10885
39 48 65 397 645 669 734 924 1239 1291 1300 1693 2671 2958 4193 4945 6995 8566 8689
26 32 39 48 438 485 640 680 878 1872 2960 3229 3486 3771 4282 6516 9397 10267 13303
41 48 123 1001 1028 1049 1364 2117 2555 2721 3323 4082 4083 4209 6489 7495 8377 8869
39 41 48 169 186 388 392 560 650 849 880 956 1594 1595 1612 1655 1987 3270 6136 9882
32 48 338 475 793 810 1393 1987 2415 2662 2726 2920 4552 5237 5805 13149 13197 14634
39 48 65 250 652 1004 1024 1067 2056 2244 2417 3877 5600 6082 8277 10513 12064 12677
32 39 41 53 791 1352 1658 2375 2573 2592 2947 3759 3879 4262 4864 5073 6716 8092 8661
19 32 249 664 1043 1107 1384 1447 1558 1870 3046 3487 4217 5160 6404 8209 13189 14001
11 39 48 217 363 488 491 492 493 524 831 849 1090 1424 2059 2635 3546 5439 6497 11161
4 38 39 41 48 62 65 258 272 286 565 581 703 772 830 1683 1966 4307 8516 8967 8982 8983
32 41 43 48 120 789 1052 2147 2633 2704 3466 5476 5611 5710 6997 7450 8075 10599 11709
48 194 396 766 825 1350 2437 2487 2919 3404 3696 3758 3925 4686 6162 10425 12949 14267
39 41 806 1611 1789 2843 3019 3101 3119 3572 11415 11649 12621 13021 13041 13556 15459
39 41 208 385 592 922 1072 1355 2145 2297 2317 2554 2578 2669 3084 3616 3857 4899 10354
39 101 901 931 956 1479 2142 2931 3270 3317 3504 3509 5742 8985 10699 13550 13610 13615
36 38 48 101 171 260 486 560 566 824 1513 1527 1895 2092 2370 3120 3985 4975 6166 12092
11 30 39 41 65 89 96 352 475 1019 1557 1748 1899 2025 3077 3686 3766 3939 4386 4387 4388
39 41 48 165 225 357 509 534 682 698 1776 2034 2084 2440 3055 4360 4899 5001 10929 10947
39 48 117 136 185 548 549 550 571 976 1693 2011 2167 2661 2967 3035 3124 4209 5074 13112
0 39 41 48 102 251 1602 2202 2437 3104 4357 5708 6128 9887 11692 13057 13443 15588 15674
39 41 48 345 789 824 878 1065 1135 1257 1369 2191 2267 2373 2682 2728 3578 5041 5788 6744
38 39 48 379 479 583 652 783 790 1404 1410 1715 1981 2135 2630 3082 4392 9147 10079 12951
10 32 39 48 171 225 301 789 1986 2249 3315 3638 4766 4806 6334 6858 7941 9074 11114 15144
39 41 48 65 79 481 573 675 766 1289 1293 2115 2892 3068 4251 4256 5889 6343 7000 8937 9308
32 39 47 248 511 592 626 910 1105 1669 1823 2900 3845 4435 4698 4994 6194 8707 10451 13192
107 301 392 413 549 772 849 861 938 1559 1641 2186 2437 3132 3724 5081 5089 5172 5752 6156
25 48 65 101 593 1062 1205 1277 1327 1773 1973 1986 2492 3053 4141 6443 6840 8075 8271 9244
32 101 147 237 621 1046 1342 1430 3065 3392 3539 6340 6759 6882 7975 9527 13205 13322 13745
48 368 413 623 737 824 2191 2561 2723 3236 4191 4357 5771 7996 8288 12925 14248 14929 15062
36 38 39 41 50 57 279 420 437 541 650 1211 1403 2223 2880 3470 3673 4200 7186 8776 8978 9169
38 39 48 170 185 314 405 427 994 1430 2789 2848 5288 5755 8135 10515 10551 10731 10844 12070
19 32 36 38 697 783 846 851 930 1340 1393 1739 1763 1771 2626 2767 3120 3849 4975 8547 13622
12 38 39 41 48 170 258 297 365 389 544 1258 1353 2267 2366 2524 3904 5354 5389 5492 6473 8837
10 19 32 39 48 89 195 264 622 1014 1817 1856 2199 3160 6266 7585 8730 11747 11757 13007 13126
9 48 396 464 490 589 731 1185 1361 1395 1693 2080 2625 3663 4288 8308 10354 10513 12383 12473
48 65 89 549 732 772 956 1404 1570 1897 2011 2544 2649 2967 3293 3577 5252 5662 6748 6989 7429
32 39 48 408 438 1425 2169 2274 2363 2364 2746 3635 3651 5504 5535 6213 6276 11378 12984 13300
39 48 65 85 101 279 703 1294 1652 1698 1990 2168 2313 2843 3835 4649 5490 6132 7674 7895 13334
32 39 48 88 89 647 660 769 807 1046 1318 2390 3644 3886 4142 6388 6748 6827 8718 8858 8923 8963
48 89 156 249 357 566 767 789 1010 1345 1939 2965 3085 3136 4058 4871 4883 5306 6173 7989 13027
5 32 38 39 41 48 59 89 101 110 159 396 426 541 640 979 1103 1342 1579 2080 2793 3317 3472 15012
39 48 249 259 310 341 1309 1677 1698 2152 2250 2343 2823 3785 4958 5113 5857 5974 6324 7177 8402
19 36 38 48 147 368 1115 1426 1444 1677 1688 2412 3294 3510 4144 4705 4941 7986 8151 12968 14354
32 39 48 237 479 1113 1741 2715 2856 2879 3964 4080 4095 4479 8613 12933 13952 15988 16010 16011
26 48 229 413 490 866 1135 1274 1593 1654 1960 1973 2514 2768 3312 3314 3635 3676 4996 9304 11200
4 48 1980 2215 2343 2375 3526 3528 3529 5807 8948 10513 13432 13790 14809 14831 14870 14873 14885
174 458 501 715 956 992 1163 1295 2316 2676 2820 2858 3372 4207 4251 5047 5236 5477 6567 6856 6857
32 39 41 76 94 310 389 501 1003 1249 1844 4582 4801 5230 10601 10605 11289 12473 12508 12515 12607
32 39 48 407 438 453 675 879 979 1061 1103 2274 2629 2949 3047 3460 3635 4307 4318 6405 8168 11114
30 39 48 89 426 880 1179 2022 3047 3402 3535 3537 3721 3758 4538 4642 4691 4966 5720 7975 8985 9187
32 39 48 101 126 269 475 525 956 1004 1113 1655 2002 2119 2800 4105 4389 5289 7674 8005 12959 13735
39 48 275 2030 2241 2513 3062 3462 3844 4113 4605 5237 5644 7652 7821 10283 12938 13203 13220 15033
32 758 1327 1594 1595 1781 2101 2625 3240 3419 3848 4076 4524 4753 5243 7016 10830 11472 11804 11952
39 48 259 398 558 604 1417 1758 2167 2241 2733 2998 4189 4832 4908 5408 8277 10442 10474 11794 14120
6 39 48 107 322 485 533 548 677 1004 1160 1327 1603 1969 2182 2394 2631 3272 3486 4058 4993 6935 7524
32 48 62 535 548 549 599 730 731 821 833 961 1527 1973 2235 2546 2588 2916 2982 3456 4731 10135 10818
39 45 48 164 165 166 798 812 1257 1994 2241 2949 3028 3438 4895 5481 6882 9105 9544 10283 12361 13189
32 39 41 51 233 237 249 310 351 764 1144 1146 1161 1689 1903 2064 2977 3616 3827 4048 5587 10170 10195
32 66 107 978 1220 1866 1876 3503 4016 4263 4625 4698 5369 5620 5712 7285 9314 11530 12713 13255 14745
39 41 48 52 76 208 225 265 266 398 402 1018 1129 1198 1396 1688 1809 2006 2557 2847 3236 3974 5902 5903
39 48 88 279 584 677 1313 1422 1493 1494 1876 2343 2344 2942 3119 3271 4124 5787 6999 10062 13032 14005
18 31 39 48 97 310 704 878 926 993 1071 1466 1654 1930 2172 2212 3065 5761 8667 10858 12973 13055 13662
39 48 157 159 425 643 772 793 805 927 956 1428 1996 2437 2528 2775 2963 4386 4662 6268 10017 11007 12955
38 39 48 110 396 412 438 976 1143 1696 2889 3260 3690 3792 5472 6011 6517 6536 8186 8592 8630 8985 14051
39 41 48 61 225 271 550 604 740 954 976 1086 1538 1876 2273 2515 3248 3487 5485 5785 7588 8698 9617 10180
19 337 420 449 582 1001 1081 1196 1257 1584 1998 2062 2457 2536 3000 3271 4170 7564 7689 8126 10513 14023
433 728 987 1197 1229 1233 1390 1393 1786 1973 1994 2199 2425 2440 2983 2984 3368 3742 5346 6089 8271 9501
26 301 566 764 806 1146 1200 1329 1513 1655 1841 2058 2059 2169 3696 4512 5314 7590 7636 11468 15033 15323
37 38 39 41 48 52 65 101 258 350 546 680 1027 1392 1771 2002 2018 2369 2412 3342 4134 5122 8306 10294 10502
32 39 41 48 216 813 2284 2299 2505 3805 4557 5049 5216 7046 11175 11270 12146 12693 14098 15484 16010 16011
156 185 259 301 534 649 801 947 1126 1143 1183 1343 1714 2187 2208 3533 4019 4272 4282 6858 9512 10943 13028
36 37 38 39 41 42 45 48 621 695 991 1844 2623 2873 4237 6242 10677 11286 12070 12652 12991 13016 14544 14957
39 41 48 184 661 779 798 851 1023 1191 1655 1757 1994 2049 2515 2771 2818 2874 3483 4340 4922 5108 7462 10481
48 150 993 1004 1146 1320 1425 1429 1890 2019 2143 2144 2325 2640 3291 3604 4198 5437 5927 6664 7457 8118 8355
39 48 423 571 662 1119 1130 1387 1652 2343 2527 3127 3319 3404 3907 4266 4567 5440 6804 9604 11087 13315 13790
23 32 48 65 101 116 374 551 560 1065 1198 1408 1417 1958 2056 2081 2099 2775 2966 3086 4389 4393 5158 5159 5160
38 39 48 80 110 310 612 824 855 911 943 1281 1282 1702 1987 3171 3947 4223 4294 4886 5759 8218 9737 12973 13122
39 41 48 225 310 406 589 865 938 1003 1390 2170 2763 2894 3253 3691 4363 4698 4967 5153 5666 6442 6983 7671 7912
32 39 71 76 297 490 851 975 1008 1090 1781 1876 2117 2612 3349 3483 3873 4064 4186 4563 4992 5156 5465 5466 6781
32 39 41 48 65 225 288 301 772 967 982 1602 2053 2421 2625 2876 3615 3742 4060 4363 5346 5349 5830 6525 6758 7190
18 32 39 48 563 675 817 1020 1183 1185 1731 2177 2238 2631 3532 4556 5051 5377 5379 12768 13106 13254 13275 14604
10 39 41 48 65 161 187 201 220 250 438 489 535 564 675 1344 1425 1814 1966 4747 7604 10214 10469 10668 10681 10710
39 41 48 161 215 640 668 789 1641 1646 2059 2169 2464 2983 3341 4357 5535 8384 13041 15578 15599 15605 15640 15732
32 279 314 405 739 1093 1143 2474 2598 2626 2630 4563 5711 5712 6303 7435 10481 10510 10515 10905 11804 11952 14019
39 41 176 275 469 753 1146 1425 1986 2263 2276 2420 2515 2758 2775 2812 2894 2909 3270 3354 4883 4893 5411 5412 6554
19 39 41 48 65 161 396 548 581 667 961 973 1498 1808 3253 3635 4059 5407 6018 8128 8777 9719 10635 11114 11304 13302
31 32 38 39 150 176 271 390 798 925 1397 1448 1459 2292 2537 2612 3989 4267 4677 5229 6937 8362 8365 9555 10491 11476
66 612 660 861 981 1331 1337 1779 2426 2428 3497 3921 4730 4916 5037 5529 5768 5789 5976 6045 6525 6585 6993 6997 7041
12 41 48 128 338 368 405 413 475 789 809 1570 1595 1905 2072 2353 2399 2749 2892 3101 3124 4178 8508 13041 13047 13515
39 215 261 397 740 885 1513 1857 1965 2075 2876 2893 3315 3473 4424 4509 5243 10419 12946 12981 13065 13113 13443 14618
39 48 84 204 395 571 1276 1486 1775 2244 2328 2635 2861 3651 4889 5280 6398 6748 7719 9069 10885 10900 10968 11139 11140
32 39 41 48 52 123 201 310 522 535 571 604 612 730 824 953 1111 1281 1282 2135 2184 3171 3439 4307 4994 9758 10513 13189
39 48 249 405 534 592 1070 1425 1509 1536 5818 7568 7600 8671 10515 10605 10725 10860 11295 11692 12959 14478 14549 14933
32 259 433 434 727 1053 1198 1396 1752 2191 2215 2987 3180 3297 3343 3431 3445 3799 5161 7931 8038 10429 10605 11814 12724
32 39 48 74 349 424 979 1160 1161 1343 1653 1847 2393 2441 2830 4173 4247 4393 4424 4643 4980 4993 5215 5625 5927 7442 7443
38 39 48 110 254 426 488 606 622 1520 1996 2239 2746 2851 2958 3136 3319 3321 5405 6737 10442 10789 12251 12981 13149 14571
38 39 41 48 56 65 208 222 460 488 548 677 942 1001 2466 2514 4096 4535 5074 5427 6300 7148 8128 9011 10505 10656 12019 12756
94 589 987 1004 1015 1081 1144 1245 1251 1483 1659 1915 2557 2703 2966 3038 3237 3873 3878 4307 4793 4880 4996 5688 5860 6284
39 41 48 123 187 438 475 581 684 742 805 885 942 960 1152 1222 1527 1868 2103 3021 3261 3573 3877 4518 4804 10798 13041 14574
39 48 49 124 464 820 831 1327 1600 1759 1939 2049 2630 2662 3024 3270 3462 3633 3668 3768 3867 4343 5738 6483 9703 10924 13160
2 11 36 38 39 48 101 328 340 604 727 797 1153 1154 1385 1426 1773 1784 2430 2684 2987 3756 4207 4280 4555 4887 6748 11048 12439
32 38 39 41 48 108 136 147 170 208 261 467 548 549 582 611 830 1001 1116 1611 2196 2241 3477 4771 4941 5051 5074 6303 9502 10479
39 41 48 49 65 79 80 98 103 232 265 310 351 374 392 398 529 772 1026 1173 2383 2848 3510 3793 3895 4307 4832 4897 6581 7252 11675
39 48 164 176 249 321 399 413 475 653 684 698 1086 1951 2051 2072 2284 2425 2595 2838 2852 2873 4145 4323 4606 4607 6340 7349 7604
39 48 89 255 317 418 420 565 581 824 1172 1939 2164 2184 2188 2202 2232 4111 4336 4468 5468 6095 6458 6949 12517 13337 15835 15884
32 39 161 201 250 385 438 441 1607 1693 1733 2310 3028 3569 4113 4975 5767 8411 9617 9669 10443 12186 12929 12933 13079 13482 13571
38 39 48 56 80 237 264 310 408 490 500 1160 1393 1481 1693 1715 2272 2505 2808 3343 3361 6780 6928 8180 9617 10420 10490 11318 11794
18 31 32 147 179 344 548 571 610 854 921 1020 1046 1191 3015 3133 3135 3136 3855 4020 4479 4583 5472 5767 6752 8135 11406 14808 14929
39 62 225 272 318 374 552 947 1027 1106 1146 1872 1942 2091 2988 3616 4026 4226 4632 6166 6444 7175 7477 10232 10546 10692 10804 14374
39 69 76 387 715 1158 1763 1987 2069 2327 2394 2543 2554 2907 2983 3799 5161 5439 5721 5953 6307 6736 7975 9421 10132 10425 13557 14485
39 297 340 405 547 690 809 885 899 1019 1275 1360 1372 2052 2208 2916 3462 3662 4170 4336 4761 10082 10515 11560 11712 11840 12586 13129
48 75 101 136 278 308 365 548 549 728 987 1077 1080 1109 1269 1659 1936 2046 4722 4729 5774 7975 9555 10238 10453 10573 11051 11349 12949
11 19 65 269 374 413 415 488 558 604 727 760 927 931 962 985 1342 1747 1804 2417 2523 3322 3502 3762 4233 4336 4994 6261 10491 10788 13639
32 39 48 49 127 209 270 479 783 806 1104 1791 1874 2092 2097 2135 2523 2728 2767 2818 3569 3668 4297 5487 6998 7657 10017 12929 13047 15127
39 48 413 535 637 963 1275 1683 1765 1781 1784 1984 2103 2322 2545 2554 3596 3931 3932 4251 4412 4685 4930 4996 5168 5546 6192 8957 8958 8959
32 39 48 101 310 318 405 418 425 571 789 981 1239 1297 1423 1863 2475 2514 2618 2783 2804 3207 3714 4401 4552 5051 5767 8512 10515 11135 11660
60 229 919 1264 1644 1897 3084 3085 4480 6206 6565 7084 8512 9887 10087 10822 11600 12032 12191 12677 13375 13747 13940 13994 13995 13996 13997
39 48 50 76 89 325 535 926 1081 1583 1731 1922 2208 2543 2965 3402 3420 3535 3537 5304 5869 8985 10535 12141 12935 13018 13043 13291 13508 14465
11 32 39 41 48 76 123 200 451 495 718 832 1063 1209 1344 1435 1620 2511 2692 2804 2812 4447 4695 4937 4945 5782 6074 6386 8905 9501 9617 9646 9669
10 48 76 79 101 128 319 475 558 704 855 997 1146 1591 2624 2815 3297 3880 4100 4233 4730 5080 10451 10540 11692 12437 13571 13579 13671 14098 15154
30 38 41 48 65 123 225 255 262 264 341 407 514 548 554 604 610 840 1897 2434 2440 2934 2977 3048 3499 4358 4363 4590 5273 5465 6643 10129 10996 11111
38 39 41 48 49 56 186 281 357 390 681 877 1028 1068 1363 1392 1881 2029 2241 2263 2329 2436 2508 2509 2510 2511 2512 2513 2514 2515 2516 2517 2518 2519
32 39 229 271 364 405 592 791 878 984 1020 1277 1404 1834 1907 1986 2926 2954 3270 3476 4373 4480 4524 5280 6677 8068 9011 10471 10491 10917 10951 11560
32 41 48 79 250 312 391 533 553 824 913 976 1782 1812 1814 2015 2335 2708 2976 3189 3330 3498 4364 4536 4705 7224 7744 9235 10423 11398 12933 13556 15126
38 65 110 164 405 488 535 908 1163 1237 1294 1442 1455 1611 1661 1946 2341 2426 2492 2493 2665 3312 3953 4816 5563 6844 11747 13061 13464 13738 14073 14119
39 48 117 237 258 310 334 374 413 540 673 730 833 1015 1120 1239 1663 1781 1878 2214 2335 2707 2889 2988 3127 3313 3320 4389 4753 5594 6052 11181 11998 13062
48 77 101 127 147 201 271 347 500 547 560 808 857 1082 1277 2324 2329 2413 2723 2800 2898 3084 3174 3208 3467 4141 4143 4144 5442 10834 10860 10943 12933 15051
32 39 41 65 203 262 592 703 739 880 1004 1813 1814 1923 2026 2199 2628 2721 3047 3458 4472 4718 4859 5418 5708 5994 6957 7100 10487 10830 10914 11111 11499 11744
39 48 49 64 270 310 488 494 514 777 1053 1115 1172 1315 1393 1872 1966 1971 2011 2329 2437 2624 2734 3174 3370 3878 4843 5155 5156 5651 7062 9137 10221 10457 12577
32 41 94 117 301 475 570 662 783 947 976 994 997 1020 1045 1046 1127 1315 1400 1430 1715 1837 2184 2281 2356 5369 5712 5915 10493 14006 14161 15185 15654 15832 15876
12 48 70 113 123 148 164 165 283 301 342 479 539 682 683 789 798 927 1435 1585 1763 1986 2464 2607 2834 3799 4580 4630 4748 4891 4946 4947 5616 6583 7218 7592 9352 9353
65 97 103 178 184 259 270 271 415 449 586 592 860 878 1026 1584 1720 1905 3467 3577 3678 4580 5001 5585 6089 6125 7117 7124 8566 10370 12578 12585 12586 13391 14017 14550
38 39 41 48 61 78 89 150 249 348 370 475 533 604 614 757 792 797 809 1135 1153 1196 1426 1489 1619 1659 1986 2031 2121 2164 2663 2708 2792 2795 3412 4187 6461 7766 7988 9991
38 39 41 249 866 1529 2315 2437 2701 3564 3763 5427 5569 5930 6748 6803 7050 7481 8831 8869 8879 8888 8964 9010 9015 9025 9059 9381 9501 9543 9561 9562 9563 9564 9565 9566 9567
38 39 48 123 170 267 332 342 612 628 640 916 938 1013 1040 1183 1243 1578 1791 1841 1877 2025 2284 2464 2528 3168 3221 3270 3896 4105 4921 5440 11017 12189 12965 13017 13049 14630
39 48 169 201 204 231 541 589 604 677 725 1104 1468 1747 1796 1878 1964 1980 2242 2388 2583 3161 3184 3353 3434 3462 3609 3827 4337 4358 4805 5317 7510 8241 9168 9901 10629 10766 11050
38 123 170 208 251 486 592 675 677 837 1113 1165 1520 1669 1714 1817 1994 2077 2117 2259 2496 2573 3196 3237 4272 4502 4523 4540 4615 4650 4994 5256 5647 5958 6752 7733 8240 8248 8495 9169
39 41 48 89 107 108 136 248 258 425 610 978 1042 1130 1786 1886 2184 2238 2431 2624 2626 2815 2987 3094 3291 4830 4852 5533 5534 5729 8985 12217 12929 12951 14791 15675 15812 15881 15981 16092
11 32 48 116 464 677 878 901 1246 1301 1302 1410 1595 1697 2052 2327 2394 2626 4308 4401 4472 5169 5358 5388 6546 7026 7794 8268 8435 8863 10300 10370 10444 10515 12636 13062 13088 13673 15605 15611
11 31 32 39 41 48 65 68 82 412 548 549 984 1209 1332 1345 1435 1693 2094 2741 2742 3236 3688 3689 3714 3761 4061 4628 4873 5782 7429 10128 10423 10493 11175 12929 13056 13337 14634 14827 15798 15832 15932
32 39 45 100 318 422 751 772 820 991 1045 1046 1429 1562 1584 1860 1897 2389 2596 2982 2988 3020 3270 3271 3307 3754 3925 4572 4658 5141 5703 6748 11057 11087 11161 11519 12999 13182 14178 14254 14897 15548 15549
25 39 48 101 225 345 346 399 413 522 533 661 1264 1466 1712 1786 1994 1999 2283 2417 2435 2449 2623 2839 2982 3035 3194 3229 3516 3591 3742 3827 4142 4160 4220 4278 5051 5346 5729 5736 7084 9021 9134 10128 10453 10767 11493
19 22 150 176 207 219 271 298 553 723 759 966 1329 1337 1360 1409 1597 1652 1719 1721 2137 2168 2596 2633 2797 3093 3270 3445 3529 4166 4524 4630 4779 4996 5458 5502 5617 5789 6074 6077 6162 8116 9082 10444 10592 10947 11512 11794 11804
31 38 39 67 110 153 204 270 332 405 690 798 822 905 1083 1159 1309 1368 1372 1486 1715 1757 1895 2234 2238 2269 2413 2548 2609 2626 2815 2930 2975 3510 3662 4326 4447 4557 4847 5074 6118 6231 8179 10515 10651 11252 11393 13077 13567 14007 14233 14251 14386
9 39 41 51 53 70 76 128 130 176 215 222 259 340 374 396 405 413 427 467 525 548 549 766 849 947 989 1014 1020 1082 1276 1333 1360 1433 1440 1655 1693 1696 1709 1924 1934 1945 1966 2187 3027 3137 3151 3228 3472 3683 3686 4300 4546 4878 5083 5146 5221 5442 5463 6095 6270 8508 9304 10128 10451 10525 10527 10556 10640 10721 12671
